********************************************************************************
STREME - Sensitive, Thorough, Rapid, Enriched Motif Elicitation
********************************************************************************
MEME version 5.4.1 (Release date: Sat Aug 21 19:23:23 2021 -0700)

For further information on how to interpret these results please access http://meme-suite.org/.
To get a copy of the MEME Suite software please access https://meme-suite.org.

********************************************************************************


********************************************************************************
REFERENCE
********************************************************************************
If you use this program in your research, please cite:

Timothy L. Bailey,
"STREME: accurate and versatile sequence motif discovery",
Bioinformatics, Mar. 24, 2021.
********************************************************************************


ALPHABET= ACGU

strands: +

Background letter frequencies
A 0.287 C 0.201 G 0.221 U 0.291 

MOTIF 1-CAUAUACUAAAAUUG STREME-1
letter-probability matrix: alength= 4 w= 15 nsites= 533 E= 8.7e-011
 0.000128 0.999643 0.000098 0.000130
 0.999682 0.000090 0.000098 0.000130
 0.000128 0.000090 0.000098 0.999684
 0.999682 0.000090 0.000098 0.000130
 0.000128 0.000090 0.000098 0.999684
 0.999682 0.000090 0.000098 0.000130
 0.000128 0.999643 0.000098 0.000130
 0.000128 0.000090 0.000098 0.999684
 0.999682 0.000090 0.000098 0.000130
 0.983164 0.008423 0.008282 0.000130
 0.999682 0.000090 0.000098 0.000130
 0.999682 0.000090 0.000098 0.000130
 0.000128 0.000090 0.000098 0.999684
 0.005684 0.000090 0.000098 0.994128
 0.000128 0.000090 0.999652 0.000130

MOTIF 2-CAGAGAAGAUUAGCA STREME-2
letter-probability matrix: alength= 4 w= 15 nsites= 526 E= 8.4e-006
 0.026109 0.927355 0.020045 0.026491
 0.935200 0.018264 0.020045 0.026491
 0.026109 0.018264 0.929136 0.026491
 0.935200 0.018264 0.020045 0.026491
 0.026109 0.018264 0.929136 0.026491
 0.935200 0.018264 0.020045 0.026491
 0.935200 0.018264 0.020045 0.026491
 0.026109 0.018264 0.929136 0.026491
 0.935200 0.018264 0.020045 0.026491
 0.026109 0.018264 0.020045 0.935582
 0.026109 0.018264 0.020045 0.935582
 0.935200 0.018264 0.020045 0.026491
 0.026109 0.018264 0.929136 0.026491
 0.026109 0.927355 0.020045 0.026491
 0.935200 0.018264 0.020045 0.026491

MOTIF 3-AGUGUAGUAUC STREME-3
letter-probability matrix: alength= 4 w= 11 nsites= 194 E= 1.1e-004
 0.986448 0.000207 0.013045 0.000300
 0.003328 0.048912 0.947460 0.000300
 0.000296 0.000207 0.013045 0.986452
 0.143466 0.006616 0.734337 0.115582
 0.006705 0.000207 0.019454 0.973635
 0.894549 0.092106 0.013045 0.000300
 0.090020 0.006616 0.883838 0.019527
 0.064853 0.019434 0.000227 0.915487
 0.951916 0.000207 0.034759 0.013118
 0.013114 0.000207 0.112708 0.873971
 0.032340 0.887738 0.000227 0.079694

MOTIF 4-AUCAYUUCUM STREME-4
letter-probability matrix: alength= 4 w= 10 nsites= 209 E= 1.2e-004
 0.972068 0.000263 0.027288 0.000382
 0.000376 0.032842 0.000289 0.966493
 0.000376 0.990809 0.000289 0.008526
 0.803592 0.008408 0.179474 0.008526
 0.032955 0.411422 0.008433 0.547189
 0.000376 0.008408 0.000289 0.990927
 0.000376 0.008408 0.016578 0.974638
 0.032955 0.950085 0.016578 0.000382
 0.000376 0.000263 0.000289 0.999072
 0.545831 0.321830 0.043123 0.089217

MOTIF 5-UGGCCCCUGCG STREME-5
letter-probability matrix: alength= 4 w= 11 nsites= 323 E= 2.9e-004
 0.000360 0.004020 0.000277 0.995343
 0.008167 0.000252 0.991216 0.000366
 0.079751 0.000252 0.919631 0.000366
 0.000360 0.998997 0.000277 0.000366
 0.000360 0.998997 0.000277 0.000366
 0.000360 0.998997 0.000277 0.000366
 0.000360 0.991191 0.008083 0.000366
 0.000360 0.008058 0.000277 0.991305
 0.000360 0.000252 0.999022 0.000366
 0.000360 0.702171 0.000277 0.297192
 0.224739 0.000252 0.774643 0.000366

MOTIF 6-AUACUUWCMKGG STREME-6
letter-probability matrix: alength= 4 w= 12 nsites= 143 E= 6.5e-004
 0.933513 0.024624 0.033363 0.008501
 0.008495 0.000262 0.000288 0.990955
 0.990949 0.008383 0.000288 0.000380
 0.000375 0.958355 0.000288 0.040983
 0.000375 0.000262 0.000288 0.999075
 0.000375 0.000262 0.000288 0.999075
 0.373200 0.000262 0.000288 0.626250
 0.000375 0.974595 0.016529 0.008501
 0.626244 0.356847 0.000288 0.016621
 0.008495 0.000262 0.609916 0.381326
 0.000375 0.000262 0.998982 0.000380
 0.000375 0.000262 0.998982 0.000380

MOTIF 7-UUUUGGCUAAGAUC STREME-7
letter-probability matrix: alength= 4 w= 14 nsites= 164 E= 7.0e-004
 0.000309 0.033645 0.000237 0.965809
 0.000309 0.006902 0.006923 0.985867
 0.000309 0.000722 0.000237 0.998732
 0.000309 0.000216 0.002832 0.996643
 0.027052 0.000216 0.952362 0.020371
 0.006634 0.013588 0.979465 0.000313
 0.000309 0.979084 0.006923 0.013685
 0.000309 0.006902 0.000237 0.992553
 0.999234 0.000216 0.000237 0.000313
 0.992548 0.000216 0.006923 0.000313
 0.006994 0.013588 0.979105 0.000313
 0.985862 0.000216 0.000237 0.013685
 0.027052 0.033645 0.000237 0.939066
 0.027052 0.952341 0.020294 0.000313

MOTIF 8-GAACGAUA STREME-8
letter-probability matrix: alength= 4 w= 8 nsites= 334 E= 1.1e-003
 0.000258 0.000180 0.999300 0.000262
 0.961025 0.000180 0.038533 0.000262
 0.894648 0.000180 0.000198 0.104974
 0.000258 0.999282 0.000198 0.000262
 0.000258 0.000180 0.999300 0.000262
 0.864062 0.044867 0.090809 0.000262
 0.000258 0.000180 0.056056 0.943505
 0.784953 0.000180 0.214605 0.000262

MOTIF 9-GCGUUCSC STREME-9
letter-probability matrix: alength= 4 w= 8 nsites= 381 E= 1.2e-002
 0.024083 0.012096 0.748257 0.215564
 0.006227 0.784116 0.029868 0.179789
 0.035987 0.000192 0.679032 0.284789
 0.000275 0.267871 0.000211 0.731643
 0.000275 0.067975 0.041233 0.890517
 0.000275 0.975427 0.018067 0.006231
 0.028113 0.304287 0.590820 0.076781
 0.263930 0.709104 0.018425 0.008541

MOTIF 10-UYAUCCAUUSCACUC STREME-10
letter-probability matrix: alength= 4 w= 15 nsites= 121 E= 1.3e-002
 0.000512 0.255551 0.000393 0.743543
 0.011608 0.372678 0.022584 0.593131
 0.763860 0.046606 0.155728 0.033806
 0.033798 0.055835 0.011489 0.898878
 0.000512 0.898717 0.000393 0.100378
 0.011608 0.905505 0.011489 0.071399
 0.943252 0.000358 0.044775 0.011615
 0.000512 0.222265 0.033679 0.743543
 0.011608 0.028723 0.000393 0.959277
 0.060296 0.322123 0.561585 0.055996
 0.022703 0.854335 0.000393 0.122568
 0.950040 0.026856 0.022584 0.000520
 0.000512 0.798859 0.011489 0.189140
 0.144752 0.011454 0.177919 0.665876
 0.000512 0.903639 0.000393 0.095456

MOTIF 11-UUACUAGAGAA STREME-11
letter-probability matrix: alength= 4 w= 11 nsites= 140 E= 2.9e-002
 0.021283 0.073147 0.000369 0.905201
 0.000480 0.031541 0.010770 0.957209
 0.946800 0.010738 0.021172 0.021290
 0.000480 0.977861 0.000369 0.021290
 0.021283 0.020960 0.000369 0.957388
 0.936398 0.010738 0.052377 0.000487
 0.287519 0.010738 0.690855 0.010889
 0.915595 0.000336 0.083582 0.000487
 0.000480 0.000336 0.988295 0.010889
 0.946800 0.000336 0.021172 0.031692
 0.735848 0.000336 0.021172 0.242644

MOTIF 12-CCCCAAAUGUG STREME-12
letter-probability matrix: alength= 4 w= 11 nsites= 93 E= 4.0e-002
 0.005973 0.910387 0.000487 0.083153
 0.028138 0.915725 0.014239 0.041899
 0.000635 0.984482 0.000487 0.014396
 0.014386 0.901973 0.069245 0.014396
 0.929667 0.014196 0.014239 0.041899
 0.979335 0.000444 0.019577 0.000644
 0.915915 0.014196 0.055493 0.014396
 0.005973 0.027206 0.014239 0.952583
 0.055641 0.013454 0.930261 0.000644
 0.069392 0.082953 0.014239 0.833416
 0.239007 0.014196 0.732402 0.014396

MOTIF 13-GAAACUCRACU STREME-13
letter-probability matrix: alength= 4 w= 11 nsites= 81 E= 7.3e-002
 0.084033 0.000538 0.897996 0.017433
 0.964786 0.000538 0.033896 0.000780
 0.931481 0.000538 0.050549 0.017433
 0.898175 0.000538 0.083854 0.017433
 0.000769 0.964555 0.017243 0.017433
 0.000769 0.033843 0.033896 0.931492
 0.017422 0.647066 0.117160 0.218353
 0.358517 0.017191 0.573554 0.050739
 0.998092 0.000538 0.000590 0.000780
 0.000769 0.891480 0.033896 0.073856
 0.017422 0.000538 0.000590 0.981450

MOTIF 14-GUUUCUCUGAA STREME-14
letter-probability matrix: alength= 4 w= 11 nsites= 145 E= 7.4e-002
 0.000466 0.000326 0.978555 0.020653
 0.000466 0.000326 0.000358 0.998851
 0.000466 0.121408 0.000358 0.877769
 0.000466 0.020506 0.000358 0.978670
 0.036788 0.962382 0.000358 0.000473
 0.000466 0.000326 0.000358 0.998851
 0.081187 0.877622 0.000358 0.040833
 0.000466 0.005196 0.000358 0.993980
 0.040826 0.010416 0.656474 0.292283
 0.606132 0.271956 0.111349 0.010563
 0.968573 0.020506 0.010448 0.000473

MOTIF 15-GAAGGUGGUUUUCG STREME-15
letter-probability matrix: alength= 4 w= 14 nsites= 117 E= 7.6e-002
 0.026109 0.018264 0.929136 0.026491
 0.935200 0.018264 0.020045 0.026491
 0.935200 0.018264 0.020045 0.026491
 0.026109 0.018264 0.929136 0.026491
 0.026109 0.018264 0.929136 0.026491
 0.026109 0.018264 0.020045 0.935582
 0.026109 0.018264 0.929136 0.026491
 0.026109 0.018264 0.929136 0.026491
 0.026109 0.018264 0.020045 0.935582
 0.026109 0.018264 0.020045 0.935582
 0.026109 0.018264 0.020045 0.935582
 0.026109 0.018264 0.020045 0.935582
 0.026109 0.927355 0.020045 0.026491
 0.026109 0.018264 0.929136 0.026491

MOTIF 16-GUUCUUAUC STREME-16
letter-probability matrix: alength= 4 w= 9 nsites= 100 E= 2.3e-001
 0.055166 0.054977 0.889218 0.000639
 0.014264 0.000440 0.000483 0.984813
 0.000629 0.041343 0.000483 0.957544
 0.000629 0.984614 0.014117 0.000639
 0.000629 0.000440 0.000483 0.998447
 0.000629 0.000440 0.027752 0.971179
 0.998438 0.000440 0.000483 0.000639
 0.055166 0.000440 0.000483 0.943910
 0.000629 0.970980 0.000483 0.027907

MOTIF 17-ACGCAAAUUCGU STREME-17
letter-probability matrix: alength= 4 w= 12 nsites= 214 E= 2.6e-001
 0.935200 0.018264 0.020045 0.026491
 0.026109 0.927355 0.020045 0.026491
 0.026109 0.018264 0.929136 0.026491
 0.026109 0.927355 0.020045 0.026491
 0.935200 0.018264 0.020045 0.026491
 0.935200 0.018264 0.020045 0.026491
 0.935200 0.018264 0.020045 0.026491
 0.026109 0.018264 0.020045 0.935582
 0.026109 0.018264 0.020045 0.935582
 0.026109 0.927355 0.020045 0.026491
 0.026109 0.018264 0.929136 0.026491
 0.026109 0.018264 0.020045 0.935582

MOTIF 18-UUCGGCAG STREME-18
letter-probability matrix: alength= 4 w= 8 nsites= 208 E= 3.3e-001
 0.000939 0.000657 0.000721 0.997682
 0.000939 0.000657 0.000721 0.997682
 0.000939 0.997386 0.000721 0.000953
 0.000939 0.101294 0.896814 0.000953
 0.000939 0.000657 0.955216 0.043188
 0.096015 0.802663 0.000721 0.100601
 0.997669 0.000657 0.000721 0.000953
 0.232762 0.000657 0.704587 0.061993

MOTIF 19-UAAUUUGUGGUAGU STREME-19
letter-probability matrix: alength= 4 w= 14 nsites= 145 E= 4.1e-001
 0.021802 0.126576 0.053653 0.797969
 0.934849 0.032309 0.032343 0.000499
 0.913538 0.021654 0.000378 0.064430
 0.000492 0.042964 0.011033 0.945511
 0.000492 0.000344 0.032343 0.966821
 0.053767 0.010999 0.042998 0.892235
 0.064422 0.042964 0.701952 0.190661
 0.000492 0.000344 0.021688 0.977476
 0.011147 0.000344 0.934734 0.053775
 0.222619 0.021654 0.723262 0.032464
 0.107043 0.169196 0.011033 0.712728
 0.806988 0.000344 0.160204 0.032464
 0.075078 0.074930 0.828183 0.021809
 0.011147 0.032309 0.011033 0.945511

MOTIF 20-CAGGGCGAGG STREME-20
letter-probability matrix: alength= 4 w= 10 nsites= 123 E= 7.6e-001
 0.000484 0.988164 0.000372 0.010980
 0.956845 0.000339 0.000372 0.042445
 0.002249 0.000339 0.996921 0.000491
 0.021461 0.031804 0.935755 0.010980
 0.021461 0.021316 0.956732 0.000491
 0.300450 0.619453 0.000372 0.079725
 0.237520 0.021316 0.740673 0.000491
 0.998798 0.000339 0.000372 0.000491
 0.005547 0.000339 0.762878 0.231237
 0.000484 0.000339 0.967220 0.031957

MOTIF 21-UAUUAAAUGGAUUU STREME-21
letter-probability matrix: alength= 4 w= 14 nsites= 52 E= 7.9e-001
 0.001140 0.025492 0.000875 0.972493
 0.824310 0.050186 0.099653 0.025851
 0.025834 0.025492 0.025570 0.923104
 0.001140 0.000797 0.000875 0.997187
 0.972476 0.000797 0.025570 0.001157
 0.898393 0.074881 0.025570 0.001157
 0.899724 0.000797 0.098321 0.001157
 0.024503 0.050186 0.025570 0.899741
 0.075223 0.050186 0.873434 0.001157
 0.050529 0.025492 0.898128 0.025851
 0.898393 0.000797 0.099653 0.001157
 0.001140 0.033746 0.025570 0.939544
 0.001140 0.000797 0.000875 0.997187
 0.001140 0.000797 0.000875 0.997187

MOTIF 22-ACCAUGAUCAC STREME-22
letter-probability matrix: alength= 4 w= 11 nsites= 114 E= 1.1e+000
 0.949628 0.000395 0.024919 0.025058
 0.049534 0.912731 0.012676 0.025058
 0.000565 0.962361 0.024919 0.012156
 0.998597 0.000395 0.000434 0.000573
 0.037292 0.024880 0.020018 0.917810
 0.000565 0.019980 0.978882 0.000573
 0.974113 0.000395 0.024919 0.000573
 0.025050 0.024880 0.024919 0.925152
 0.000565 0.951137 0.047725 0.000573
 0.961870 0.000395 0.037161 0.000573
 0.000565 0.858653 0.000434 0.140348

MOTIF 23-UCCGWGGA STREME-23
letter-probability matrix: alength= 4 w= 8 nsites= 88 E= 1.2e+000
 0.015247 0.015045 0.000517 0.969192
 0.000673 0.983554 0.000517 0.015257
 0.006330 0.947684 0.000517 0.045469
 0.068836 0.023785 0.668723 0.238657
 0.335873 0.000471 0.015091 0.648566
 0.029821 0.000471 0.969026 0.000683
 0.015247 0.006128 0.963369 0.015257
 0.823443 0.000471 0.058812 0.117274

MOTIF 24-GUGUAGAGCAC STREME-24
letter-probability matrix: alength= 4 w= 11 nsites= 94 E= 1.2e+000
 0.064434 0.027160 0.892168 0.016239
 0.080802 0.000432 0.027202 0.891564
 0.067438 0.027160 0.864683 0.040719
 0.054074 0.000432 0.000474 0.945021
 0.913816 0.005619 0.040566 0.039998
 0.134259 0.013796 0.837955 0.013990
 0.918283 0.027160 0.040566 0.013990
 0.227809 0.000432 0.771134 0.000626
 0.059262 0.846810 0.013838 0.080091
 0.945012 0.040524 0.013838 0.000626
 0.106810 0.846810 0.032390 0.013990

MOTIF 25-GAUGUGCUGACCC STREME-25
letter-probability matrix: alength= 4 w= 13 nsites= 56 E= 1.4e+000
 0.000902 0.020177 0.978005 0.000916
 0.900029 0.000631 0.098424 0.000916
 0.039995 0.000631 0.020239 0.939135
 0.118180 0.020177 0.860727 0.000916
 0.059541 0.000631 0.039785 0.900042
 0.020449 0.000631 0.958458 0.020462
 0.000902 0.899758 0.000693 0.098647
 0.000902 0.020177 0.039785 0.939135
 0.039995 0.000631 0.938912 0.020462
 0.997760 0.000631 0.000693 0.000916
 0.000902 0.762934 0.020239 0.215924
 0.079087 0.704296 0.078878 0.137739
 0.000902 0.880212 0.000693 0.118193

MOTIF 26-GAAUAGGAGCUUGC STREME-26
letter-probability matrix: alength= 4 w= 14 nsites= 53 E= 2.6e+000
 0.038568 0.037291 0.923258 0.000883
 0.960142 0.000609 0.019517 0.019732
 0.885762 0.056140 0.038366 0.019732
 0.019719 0.000609 0.226857 0.752815
 0.997840 0.000609 0.000668 0.000883
 0.019719 0.000609 0.959940 0.019732
 0.056401 0.019458 0.885560 0.038581
 0.771651 0.226798 0.000668 0.000883
 0.057418 0.301178 0.603839 0.037565
 0.000870 0.959881 0.000668 0.038581
 0.094099 0.000609 0.000668 0.904624
 0.019719 0.113703 0.037350 0.829227
 0.038568 0.038307 0.903393 0.019732
 0.019719 0.715858 0.208008 0.056414

MOTIF 27-GGUAUUGCAG STREME-27
letter-probability matrix: alength= 4 w= 10 nsites= 40 E= 4.6e+000
 0.001277 0.000893 0.996535 0.001295
 0.001277 0.000893 0.996535 0.001295
 0.001277 0.000893 0.000980 0.996850
 0.996831 0.000893 0.000980 0.001295
 0.028931 0.028547 0.111597 0.830924
 0.001277 0.056202 0.000980 0.941541
 0.028931 0.000893 0.968881 0.001295
 0.001277 0.913485 0.000980 0.084258
 0.941523 0.028547 0.000980 0.028950
 0.028931 0.000893 0.968881 0.001295

********************************************************************************
Stopped because 3 consecutive motifs exceeded the p-value threshold (0.05).
********************************************************************************
COMMAND:	streme --p /data/wanglinshu/tjh/dataset/set/O/snrna-short/positive.fasta --n /data/wanglinshu/tjh/dataset/set/O/snrna-short/negative.fasta --rna --align center --o /data/wanglinshu/tjh/dataset/set/O/snrna-short/streme --maxw 15 --minw 8 --thresh 0.05
********************************************************************************
CPU:		localhost.localdomain
********************************************************************************
FINALTIME:	29.26 seconds
********************************************************************************
