********************************************************************************
STREME - Sensitive, Thorough, Rapid, Enriched Motif Elicitation
********************************************************************************
MEME version 5.4.1 (Release date: Sat Aug 21 19:23:23 2021 -0700)

For further information on how to interpret these results please access http://meme-suite.org/.
To get a copy of the MEME Suite software please access https://meme-suite.org.

********************************************************************************


********************************************************************************
REFERENCE
********************************************************************************
If you use this program in your research, please cite:

Timothy L. Bailey,
"STREME: accurate and versatile sequence motif discovery",
Bioinformatics, Mar. 24, 2021.
********************************************************************************


ALPHABET= ACGU

strands: +

Background letter frequencies
A 0.287 C 0.2 G 0.222 U 0.29 

MOTIF 1-ACAUAUACUAAAAUU STREME-1
letter-probability matrix: alength= 4 w= 15 nsites= 591 E= 1.2e-015
 0.935182 0.018218 0.020218 0.026382
 0.026091 0.927309 0.020218 0.026382
 0.935182 0.018218 0.020218 0.026382
 0.026091 0.018218 0.020218 0.935473
 0.935182 0.018218 0.020218 0.026382
 0.026091 0.018218 0.020218 0.935473
 0.935182 0.018218 0.020218 0.026382
 0.026091 0.927309 0.020218 0.026382
 0.026091 0.018218 0.020218 0.935473
 0.935182 0.018218 0.020218 0.026382
 0.935182 0.018218 0.020218 0.026382
 0.935182 0.018218 0.020218 0.026382
 0.935182 0.018218 0.020218 0.026382
 0.026091 0.018218 0.020218 0.935473
 0.026091 0.018218 0.020218 0.935473

MOTIF 2-AUCWKUUCUWW STREME-2
letter-probability matrix: alength= 4 w= 11 nsites= 281 E= 9.7e-006
 0.925224 0.013699 0.052792 0.008285
 0.000183 0.012278 0.000142 0.987398
 0.001777 0.968828 0.021110 0.008285
 0.524285 0.000128 0.032542 0.443046
 0.024310 0.135373 0.498103 0.342214
 0.000183 0.000128 0.006194 0.993495
 0.000183 0.004178 0.000142 0.995498
 0.024483 0.856151 0.016342 0.103024
 0.093328 0.004178 0.008242 0.894253
 0.398033 0.110900 0.050336 0.440731
 0.506236 0.017688 0.058436 0.417639

MOTIF 3-CAUGGCCCCUGCGCA STREME-3
letter-probability matrix: alength= 4 w= 15 nsites= 227 E= 4.8e-005
 0.007655 0.969782 0.000256 0.022307
 0.991855 0.007555 0.000256 0.000334
 0.000330 0.022204 0.000256 0.977210
 0.014979 0.007555 0.977132 0.000334
 0.014979 0.000231 0.984456 0.000334
 0.000330 0.993545 0.003878 0.002247
 0.007655 0.979918 0.000256 0.012171
 0.000330 0.991755 0.000256 0.007658
 0.000330 0.983851 0.014905 0.000914
 0.007655 0.014879 0.000256 0.977210
 0.000330 0.000231 0.999105 0.000334
 0.009504 0.775447 0.010000 0.205049
 0.149673 0.029528 0.776519 0.044280
 0.000330 0.984431 0.000256 0.014983
 0.940584 0.014879 0.029553 0.014983

MOTIF 4-UACAGAGAAGAUUAG STREME-4
letter-probability matrix: alength= 4 w= 15 nsites= 521 E= 7.9e-005
 0.000162 0.000113 0.000125 0.999599
 0.999598 0.000113 0.000125 0.000164
 0.000162 0.999549 0.000125 0.000164
 0.999598 0.000113 0.000125 0.000164
 0.000162 0.000113 0.999561 0.000164
 0.999598 0.000113 0.000125 0.000164
 0.000162 0.000113 0.999561 0.000164
 0.999598 0.000113 0.000125 0.000164
 0.999598 0.000113 0.000125 0.000164
 0.008549 0.007294 0.983993 0.000164
 0.999598 0.000113 0.000125 0.000164
 0.000162 0.031435 0.000125 0.968278
 0.000162 0.003550 0.000125 0.996162
 0.999598 0.000113 0.000125 0.000164
 0.000162 0.001889 0.997786 0.000164

MOTIF 5-GCUAAGAUC STREME-5
letter-probability matrix: alength= 4 w= 9 nsites= 181 E= 1.0e-003
 0.036988 0.000193 0.962540 0.000279
 0.000276 0.978466 0.018570 0.002688
 0.000276 0.001252 0.000214 0.998258
 0.999314 0.000193 0.000214 0.000279
 0.993196 0.000193 0.006333 0.000279
 0.043107 0.000193 0.956421 0.000279
 0.987077 0.000193 0.000214 0.012516
 0.024751 0.029008 0.000214 0.946027
 0.000276 0.999231 0.000214 0.000279

MOTIF 6-CUCGCUUY STREME-6
letter-probability matrix: alength= 4 w= 8 nsites= 327 E= 4.0e-003
 0.060620 0.745467 0.007486 0.186427
 0.079583 0.014694 0.256118 0.649605
 0.000326 0.999091 0.000253 0.000330
 0.000326 0.000228 0.999116 0.000330
 0.077170 0.868767 0.053733 0.000330
 0.029259 0.158542 0.000253 0.811946
 0.014793 0.125872 0.092284 0.767051
 0.086415 0.360937 0.000253 0.552395

MOTIF 7-UUCGUGAM STREME-7
letter-probability matrix: alength= 4 w= 8 nsites= 214 E= 8.7e-003
 0.185921 0.000327 0.000363 0.813388
 0.000468 0.000327 0.000363 0.998841
 0.000468 0.998695 0.000363 0.000474
 0.000468 0.000327 0.998731 0.000474
 0.000468 0.000327 0.020691 0.978514
 0.196409 0.034972 0.601978 0.166641
 0.726211 0.000327 0.272989 0.000474
 0.494242 0.442609 0.000363 0.062786

MOTIF 8-GCCUUUUG STREME-8
letter-probability matrix: alength= 4 w= 8 nsites= 166 E= 1.4e-002
 0.026091 0.018218 0.929309 0.026382
 0.026091 0.927309 0.020218 0.026382
 0.026091 0.927309 0.020218 0.026382
 0.026091 0.018218 0.020218 0.935473
 0.026091 0.018218 0.020218 0.935473
 0.026091 0.018218 0.020218 0.935473
 0.026091 0.018218 0.020218 0.935473
 0.026091 0.018218 0.929309 0.026382

MOTIF 9-UUUCYSWG STREME-9
letter-probability matrix: alength= 4 w= 8 nsites= 353 E= 7.2e-002
 0.000303 0.000211 0.000234 0.999252
 0.289249 0.000211 0.000234 0.710305
 0.000303 0.000211 0.000234 0.999252
 0.000303 0.999157 0.000234 0.000306
 0.000303 0.573597 0.000234 0.425866
 0.000303 0.563684 0.435708 0.000306
 0.552308 0.007440 0.000234 0.440018
 0.000303 0.000211 0.999180 0.000306

MOTIF 10-UUACUARAGA STREME-10
letter-probability matrix: alength= 4 w= 10 nsites= 107 E= 9.0e-002
 0.027923 0.018595 0.000477 0.953005
 0.000616 0.000430 0.000477 0.998477
 0.998470 0.000430 0.000477 0.000623
 0.000616 0.902709 0.027784 0.068891
 0.000616 0.000430 0.000477 0.998477
 0.998470 0.000430 0.000477 0.000623
 0.432903 0.000430 0.552391 0.014276
 0.943856 0.000430 0.055091 0.000623
 0.000616 0.000430 0.984678 0.014276
 0.971163 0.000430 0.027784 0.000623

MOTIF 11-AAGUGUAGU STREME-11
letter-probability matrix: alength= 4 w= 9 nsites= 158 E= 1.2e-001
 0.959002 0.000253 0.032360 0.008386
 0.999101 0.000253 0.000280 0.000366
 0.020240 0.032332 0.947062 0.000366
 0.003519 0.000253 0.024340 0.971888
 0.023819 0.016292 0.940789 0.019100
 0.016402 0.000253 0.024340 0.959006
 0.999101 0.000253 0.000280 0.000366
 0.011031 0.000253 0.980923 0.007793
 0.146175 0.016292 0.004801 0.832732

MOTIF 12-AUGUGCUGACCCCUG STREME-12
letter-probability matrix: alength= 4 w= 15 nsites= 143 E= 2.2e-001
 0.777041 0.000343 0.189407 0.033208
 0.000492 0.142092 0.000381 0.857035
 0.131336 0.033055 0.813304 0.022305
 0.000492 0.000343 0.011285 0.987880
 0.033203 0.000343 0.955053 0.011401
 0.000492 0.765824 0.000381 0.233303
 0.124260 0.000343 0.033092 0.842304
 0.044107 0.000343 0.922341 0.033208
 0.955163 0.000343 0.033092 0.011401
 0.000492 0.700867 0.189572 0.109069
 0.055010 0.845978 0.033092 0.065920
 0.167875 0.744017 0.000381 0.087727
 0.011396 0.835074 0.065803 0.087727
 0.022299 0.152530 0.011285 0.813886
 0.076818 0.033055 0.856919 0.033208

MOTIF 13-UCUCUUCA STREME-13
letter-probability matrix: alength= 4 w= 8 nsites= 59 E= 3.2e-001
 0.026091 0.018218 0.020218 0.935473
 0.026091 0.927309 0.020218 0.026382
 0.026091 0.018218 0.020218 0.935473
 0.026091 0.927309 0.020218 0.026382
 0.026091 0.018218 0.020218 0.935473
 0.026091 0.018218 0.020218 0.935473
 0.026091 0.927309 0.020218 0.026382
 0.935182 0.018218 0.020218 0.026382

MOTIF 14-UCCAUUGCACUC STREME-14
letter-probability matrix: alength= 4 w= 12 nsites= 129 E= 3.3e-001
 0.021718 0.037444 0.032229 0.908609
 0.000479 0.956188 0.000371 0.042962
 0.015279 0.909529 0.021610 0.053581
 0.935094 0.021573 0.032229 0.011104
 0.000479 0.233508 0.025791 0.740222
 0.000479 0.012793 0.000371 0.986357
 0.064195 0.271070 0.643011 0.021723
 0.032337 0.809774 0.025791 0.132098
 0.894873 0.042812 0.061830 0.000484
 0.000479 0.727930 0.010991 0.260601
 0.127912 0.010954 0.159662 0.701473
 0.000479 0.975588 0.000371 0.023562

MOTIF 15-AGACUAUACUU STREME-15
letter-probability matrix: alength= 4 w= 11 nsites= 104 E= 3.4e-001
 0.946280 0.000411 0.013521 0.039788
 0.000589 0.000411 0.998403 0.000596
 0.933216 0.000411 0.065776 0.000596
 0.000589 0.964181 0.013521 0.021709
 0.000589 0.000411 0.001491 0.997509
 0.841561 0.052667 0.092112 0.013660
 0.013653 0.039603 0.000457 0.946287
 0.933216 0.039603 0.013521 0.013660
 0.000589 0.952706 0.039649 0.007056
 0.000589 0.000411 0.026585 0.972415
 0.000589 0.091859 0.000457 0.907095

MOTIF 16-ACCAUGAUCAC STREME-16
letter-probability matrix: alength= 4 w= 11 nsites= 117 E= 4.8e-001
 0.978201 0.000325 0.000361 0.021113
 0.000466 0.998703 0.000361 0.000471
 0.000466 0.908006 0.021003 0.070526
 0.941386 0.000325 0.047497 0.010792
 0.031429 0.082895 0.037684 0.847992
 0.035493 0.010206 0.953831 0.000471
 0.998843 0.000325 0.000361 0.000471
 0.021108 0.051491 0.186143 0.741258
 0.020667 0.746356 0.232506 0.000471
 0.967880 0.000325 0.031324 0.000471
 0.000466 0.651828 0.175822 0.171885

MOTIF 17-CGUUCCAUAUUU STREME-17
letter-probability matrix: alength= 4 w= 12 nsites= 79 E= 4.8e-001
 0.000990 0.997240 0.000768 0.001002
 0.000990 0.000692 0.997316 0.001002
 0.000990 0.000692 0.022728 0.975590
 0.022951 0.044612 0.000768 0.931670
 0.000990 0.997240 0.000768 0.001002
 0.000990 0.997240 0.000768 0.001002
 0.931659 0.000692 0.066648 0.001002
 0.000990 0.000692 0.000768 0.997550
 0.975579 0.022652 0.000768 0.001002
 0.022951 0.000692 0.000768 0.975590
 0.000990 0.000692 0.000768 0.997550
 0.022013 0.044612 0.022728 0.910648

MOTIF 18-AAGGUGGU STREME-18
letter-probability matrix: alength= 4 w= 8 nsites= 115 E= 5.2e-001
 0.997896 0.000591 0.000656 0.000856
 0.997896 0.000591 0.000656 0.000856
 0.000847 0.000591 0.997705 0.000856
 0.000847 0.000591 0.997705 0.000856
 0.000847 0.000591 0.000656 0.997905
 0.057181 0.000591 0.941371 0.000856
 0.000847 0.000591 0.997705 0.000856
 0.000847 0.000591 0.000656 0.997905

MOTIF 19-UCCCCAAAUGUGG STREME-19
letter-probability matrix: alength= 4 w= 13 nsites= 83 E= 8.3e-001
 0.000712 0.000497 0.032106 0.966685
 0.000712 0.934907 0.000551 0.063830
 0.016489 0.919130 0.016329 0.048052
 0.000712 0.982240 0.000551 0.016497
 0.000712 0.998017 0.000551 0.000720
 0.950900 0.000497 0.032106 0.016497
 0.966677 0.016274 0.016329 0.000720
 0.935122 0.016274 0.032106 0.016497
 0.016489 0.047829 0.016329 0.919352
 0.032267 0.016274 0.950739 0.000720
 0.032267 0.079384 0.016329 0.872020
 0.126932 0.016274 0.856074 0.000720
 0.063822 0.000497 0.934962 0.000720

MOTIF 20-UGCUAAUUGAAAUU STREME-20
letter-probability matrix: alength= 4 w= 14 nsites= 62 E= 8.4e-001
 0.026091 0.018218 0.020218 0.935473
 0.026091 0.018218 0.929309 0.026382
 0.026091 0.927309 0.020218 0.026382
 0.026091 0.018218 0.020218 0.935473
 0.935182 0.018218 0.020218 0.026382
 0.935182 0.018218 0.020218 0.026382
 0.026091 0.018218 0.020218 0.935473
 0.026091 0.018218 0.020218 0.935473
 0.026091 0.018218 0.929309 0.026382
 0.935182 0.018218 0.020218 0.026382
 0.935182 0.018218 0.020218 0.026382
 0.935182 0.018218 0.020218 0.026382
 0.026091 0.018218 0.020218 0.935473
 0.026091 0.018218 0.020218 0.935473

MOTIF 21-GGGGACUG STREME-21
letter-probability matrix: alength= 4 w= 8 nsites= 108 E= 8.5e-001
 0.130762 0.006274 0.862291 0.000673
 0.039628 0.000465 0.959234 0.000673
 0.052789 0.015219 0.931319 0.000673
 0.257713 0.000465 0.735340 0.006482
 0.860144 0.000465 0.035203 0.104189
 0.030175 0.886901 0.082251 0.000673
 0.000665 0.000465 0.000516 0.998354
 0.140968 0.000465 0.857894 0.000673

MOTIF 22-GGAACGAUG STREME-22
letter-probability matrix: alength= 4 w= 9 nsites= 156 E= 9.3e-001
 0.026091 0.018218 0.929309 0.026382
 0.026091 0.018218 0.929309 0.026382
 0.935182 0.018218 0.020218 0.026382
 0.935182 0.018218 0.020218 0.026382
 0.026091 0.927309 0.020218 0.026382
 0.026091 0.018218 0.929309 0.026382
 0.935182 0.018218 0.020218 0.026382
 0.026091 0.018218 0.020218 0.935473
 0.026091 0.018218 0.929309 0.026382

MOTIF 23-AGAUGGAAUAGGACC STREME-23
letter-probability matrix: alength= 4 w= 15 nsites= 72 E= 1.2e+000
 0.935182 0.018218 0.020218 0.026382
 0.026091 0.018218 0.929309 0.026382
 0.935182 0.018218 0.020218 0.026382
 0.026091 0.018218 0.020218 0.935473
 0.026091 0.018218 0.929309 0.026382
 0.026091 0.018218 0.929309 0.026382
 0.935182 0.018218 0.020218 0.026382
 0.935182 0.018218 0.020218 0.026382
 0.026091 0.018218 0.020218 0.935473
 0.935182 0.018218 0.020218 0.026382
 0.026091 0.018218 0.929309 0.026382
 0.026091 0.018218 0.929309 0.026382
 0.935182 0.018218 0.020218 0.026382
 0.026091 0.927309 0.020218 0.026382
 0.026091 0.927309 0.020218 0.026382

MOTIF 24-UAAUUUGUGGUAGU STREME-24
letter-probability matrix: alength= 4 w= 14 nsites= 122 E= 1.3e+000
 0.030544 0.021286 0.000522 0.947648
 0.953521 0.030341 0.015457 0.000681
 0.923651 0.030341 0.015457 0.030551
 0.000674 0.030341 0.000522 0.968464
 0.000674 0.000470 0.030392 0.968464
 0.015609 0.000470 0.045327 0.938594
 0.000674 0.015405 0.923499 0.060422
 0.000674 0.000470 0.000522 0.998334
 0.000674 0.000470 0.953370 0.045486
 0.105219 0.000470 0.878694 0.015616
 0.045479 0.149821 0.000522 0.804178
 0.908716 0.000470 0.090133 0.000681
 0.045479 0.015405 0.893629 0.045486
 0.015609 0.119951 0.015457 0.848983

MOTIF 25-GGCAGGGGAG STREME-25
letter-probability matrix: alength= 4 w= 10 nsites= 109 E= 1.4e+000
 0.000620 0.027935 0.970818 0.000627
 0.000620 0.000433 0.970818 0.028129
 0.000620 0.943269 0.027982 0.028129
 0.965543 0.005847 0.027982 0.000627
 0.000620 0.000433 0.998320 0.000627
 0.000620 0.000433 0.998320 0.000627
 0.000620 0.000433 0.998320 0.000627
 0.081638 0.000433 0.917302 0.000627
 0.888452 0.000433 0.110487 0.000627
 0.000620 0.000433 0.998320 0.000627

MOTIF 26-UAUUAAAUGRAU STREME-26
letter-probability matrix: alength= 4 w= 12 nsites= 65 E= 3.9e+000
 0.053316 0.000551 0.000612 0.945521
 0.841207 0.070586 0.053138 0.035068
 0.000790 0.000551 0.018121 0.980538
 0.018298 0.000551 0.000612 0.980538
 0.910495 0.053078 0.018121 0.018307
 0.770425 0.053078 0.140682 0.035816
 0.840460 0.140621 0.018121 0.000799
 0.018298 0.088095 0.000612 0.892995
 0.105842 0.088095 0.752739 0.053325
 0.315946 0.018060 0.613416 0.052577
 0.910495 0.000551 0.088155 0.000799
 0.000790 0.018060 0.000612 0.980538

MOTIF 27-UGGUAUUGCAG STREME-27
letter-probability matrix: alength= 4 w= 11 nsites= 47 E= 4.2e+000
 0.026091 0.018218 0.020218 0.935473
 0.026091 0.018218 0.929309 0.026382
 0.026091 0.018218 0.929309 0.026382
 0.026091 0.018218 0.020218 0.935473
 0.935182 0.018218 0.020218 0.026382
 0.026091 0.018218 0.020218 0.935473
 0.026091 0.018218 0.020218 0.935473
 0.026091 0.018218 0.929309 0.026382
 0.026091 0.927309 0.020218 0.026382
 0.935182 0.018218 0.020218 0.026382
 0.026091 0.018218 0.929309 0.026382

MOTIF 28-GGCGAGGCUY STREME-28
letter-probability matrix: alength= 4 w= 10 nsites= 105 E= 1.6e+001
 0.101042 0.040686 0.857358 0.000913
 0.081014 0.000631 0.917441 0.000913
 0.000903 0.877317 0.020728 0.101052
 0.081014 0.019804 0.858213 0.040969
 0.978583 0.000631 0.019873 0.000913
 0.028816 0.000631 0.961754 0.008799
 0.020931 0.000631 0.897414 0.081024
 0.040104 0.838116 0.040756 0.081024
 0.000903 0.040686 0.019873 0.938538
 0.008789 0.419504 0.068669 0.503039

********************************************************************************
Stopped because 3 consecutive motifs exceeded the p-value threshold (0.05).
********************************************************************************
COMMAND:	streme --p /data/wanglinshu/tjh/dataset/set/N/snrna-short/positive.fasta --n /data/wanglinshu/tjh/dataset/set/N/snrna-short/negative.fasta --rna --align center --o /data/wanglinshu/tjh/dataset/set/N/snrna-short/streme --maxw 15 --minw 8 --thresh 0.05
********************************************************************************
CPU:		localhost.localdomain
********************************************************************************
FINALTIME:	29.32 seconds
********************************************************************************
