********************************************************************************
STREME - Sensitive, Thorough, Rapid, Enriched Motif Elicitation
********************************************************************************
MEME version 5.4.1 (Release date: Sat Aug 21 19:23:23 2021 -0700)

For further information on how to interpret these results please access http://meme-suite.org/.
To get a copy of the MEME Suite software please access https://meme-suite.org.

********************************************************************************


********************************************************************************
REFERENCE
********************************************************************************
If you use this program in your research, please cite:

Timothy L. Bailey,
"STREME: accurate and versatile sequence motif discovery",
Bioinformatics, Mar. 24, 2021.
********************************************************************************


ALPHABET= ACGU

strands: +

Background letter frequencies
A 0.255 C 0.212 G 0.237 U 0.296 

MOTIF 1-GAUAACURA STREME-1
letter-probability matrix: alength= 4 w= 9 nsites= 584 E= 6.2e-018
 0.000085 0.000070 0.999747 0.000098
 0.967553 0.032271 0.000078 0.000098
 0.000085 0.001023 0.289617 0.709276
 0.941827 0.000070 0.043100 0.015003
 0.999753 0.000070 0.000078 0.000098
 0.000085 0.999739 0.000078 0.000098
 0.000085 0.251041 0.002374 0.746501
 0.351647 0.000070 0.648185 0.000098
 0.696866 0.032026 0.000078 0.271030

MOTIF 2-GUAGKUUGUAYAGU STREME-2
letter-probability matrix: alength= 4 w= 14 nsites= 554 E= 5.6e-017
 0.004088 0.000061 0.995765 0.000086
 0.000074 0.000061 0.040230 0.959635
 0.933527 0.000061 0.066325 0.000086
 0.000074 0.000061 0.999779 0.000086
 0.136711 0.000061 0.546432 0.316796
 0.000074 0.233806 0.000069 0.766051
 0.000074 0.022145 0.000069 0.977712
 0.000074 0.000061 0.999779 0.000086
 0.084431 0.243868 0.000069 0.671633
 0.873190 0.000061 0.120642 0.006107
 0.000074 0.344284 0.000069 0.655574
 0.746578 0.000061 0.176947 0.076414
 0.000074 0.008090 0.790125 0.201711
 0.000074 0.042226 0.000069 0.957632

MOTIF 3-WCAGUGCWGY STREME-3
letter-probability matrix: alength= 4 w= 10 nsites= 1793 E= 1.2e-016
 0.520596 0.068833 0.143326 0.267244
 0.020049 0.916175 0.000026 0.063750
 0.817855 0.022240 0.003804 0.156101
 0.088866 0.000023 0.855553 0.055558
 0.000028 0.000023 0.000026 0.999923
 0.109167 0.000023 0.757153 0.133656
 0.061801 0.748170 0.095864 0.094165
 0.376981 0.016721 0.000026 0.606272
 0.053135 0.173571 0.748652 0.024641
 0.009729 0.370531 0.154643 0.465097

MOTIF 4-CCCUGUGG STREME-4
letter-probability matrix: alength= 4 w= 8 nsites= 1401 E= 6.5e-016
 0.034550 0.878348 0.041424 0.045678
 0.121605 0.776672 0.093198 0.008525
 0.112293 0.819681 0.014831 0.053196
 0.163064 0.038692 0.061959 0.736285
 0.071986 0.046213 0.874957 0.006844
 0.128170 0.024740 0.097872 0.749218
 0.107131 0.082425 0.750393 0.060050
 0.125070 0.036486 0.745235 0.093209

MOTIF 5-UACUGYCUK STREME-5
letter-probability matrix: alength= 4 w= 9 nsites= 951 E= 3.0e-013
 0.000062 0.274765 0.000058 0.725115
 0.895167 0.000052 0.104709 0.000072
 0.000062 0.711324 0.000058 0.288556
 0.000062 0.000052 0.000058 0.999829
 0.000062 0.000052 0.999814 0.000072
 0.000062 0.592535 0.000058 0.407345
 0.164647 0.835223 0.000058 0.000072
 0.000062 0.318711 0.020482 0.660744
 0.000062 0.000052 0.374429 0.625458

MOTIF 6-CUAGCUGU STREME-6
letter-probability matrix: alength= 4 w= 8 nsites= 620 E= 1.3e-012
 0.004685 0.984265 0.010937 0.000112
 0.000164 0.149814 0.001686 0.848336
 0.837299 0.000325 0.000090 0.162287
 0.001953 0.127593 0.845174 0.025280
 0.000097 0.988117 0.011599 0.000187
 0.001312 0.000201 0.002717 0.995770
 0.000207 0.000897 0.777015 0.221881
 0.000328 0.000436 0.022189 0.977046

MOTIF 7-GUCACAGUY STREME-7
letter-probability matrix: alength= 4 w= 9 nsites= 559 E= 3.3e-012
 0.036663 0.112683 0.850561 0.000092
 0.050631 0.000066 0.174743 0.774560
 0.000079 0.999755 0.000074 0.000092
 0.580175 0.221172 0.002230 0.196423
 0.000079 0.999755 0.000074 0.000092
 0.770565 0.000066 0.226928 0.002441
 0.094760 0.018472 0.886676 0.000092
 0.187060 0.176772 0.113173 0.522995
 0.000079 0.653246 0.000074 0.346601

MOTIF 8-UCWAGCACCAUUKGA STREME-8
letter-probability matrix: alength= 4 w= 15 nsites= 270 E= 9.8e-010
 0.000153 0.012603 0.000142 0.987102
 0.000153 0.932951 0.000142 0.066754
 0.402266 0.000127 0.000142 0.597465
 0.999553 0.000127 0.000142 0.000178
 0.000153 0.000127 0.999542 0.000178
 0.000153 0.937109 0.062560 0.000178
 0.999553 0.000127 0.000142 0.000178
 0.000153 0.714018 0.281493 0.004336
 0.000153 0.999527 0.000142 0.000178
 0.999553 0.000127 0.000142 0.000178
 0.000153 0.062545 0.000142 0.937160
 0.000153 0.050054 0.120904 0.828889
 0.004311 0.000127 0.402255 0.593307
 0.120915 0.000127 0.597429 0.281529
 0.999553 0.000127 0.000142 0.000178

MOTIF 9-GUAAACAUCCU STREME-9
letter-probability matrix: alength= 4 w= 11 nsites= 288 E= 1.7e-008
 0.000150 0.000124 0.999553 0.000174
 0.000150 0.000124 0.000139 0.999588
 0.995501 0.000124 0.000139 0.004236
 0.999563 0.000124 0.000139 0.000174
 0.999563 0.000124 0.000139 0.000174
 0.000150 0.731175 0.000139 0.268537
 0.999563 0.000124 0.000139 0.000174
 0.000150 0.000124 0.000139 0.999588
 0.000150 0.731175 0.000139 0.268537
 0.000150 0.731175 0.268502 0.000174
 0.000150 0.134404 0.272564 0.592882

MOTIF 10-CCGAAYUUGU STREME-10
letter-probability matrix: alength= 4 w= 10 nsites= 362 E= 3.8e-008
 0.000114 0.993429 0.003215 0.003242
 0.000114 0.999646 0.000106 0.000133
 0.003223 0.000095 0.703261 0.293421
 0.999666 0.000095 0.000106 0.000133
 0.878235 0.009421 0.003215 0.109129
 0.003223 0.560617 0.009432 0.426728
 0.040553 0.000095 0.029386 0.929966
 0.003223 0.000095 0.000106 0.996576
 0.003223 0.001385 0.995259 0.000133
 0.000114 0.012532 0.003215 0.984139

MOTIF 11-AGUGAUUUUGU STREME-11
letter-probability matrix: alength= 4 w= 11 nsites= 267 E= 3.0e-007
 0.999532 0.000133 0.000149 0.000186
 0.000160 0.000133 0.999520 0.000186
 0.000160 0.000133 0.056853 0.942853
 0.000160 0.000133 0.999520 0.000186
 0.999532 0.000133 0.000149 0.000186
 0.000160 0.000133 0.000149 0.999558
 0.000160 0.000133 0.013228 0.986479
 0.000160 0.000133 0.000149 0.999558
 0.000160 0.000133 0.026311 0.973396
 0.065575 0.000133 0.934105 0.000186
 0.000160 0.161504 0.000149 0.838187

MOTIF 12-CMUUAUYACUYUUGS STREME-12
letter-probability matrix: alength= 4 w= 15 nsites= 171 E= 5.1e-006
 0.000253 0.992335 0.007118 0.000294
 0.344918 0.654553 0.000235 0.000294
 0.000253 0.000210 0.000235 0.999301
 0.000253 0.000210 0.000235 0.999301
 0.985495 0.000210 0.014000 0.000294
 0.000253 0.000210 0.000235 0.999301
 0.000253 0.399701 0.000235 0.599811
 0.675544 0.000210 0.323951 0.000294
 0.000253 0.723836 0.007118 0.268793
 0.000253 0.000210 0.000235 0.999301
 0.000253 0.502888 0.000235 0.496624
 0.007136 0.124135 0.000235 0.868494
 0.007136 0.130993 0.000235 0.861636
 0.000253 0.275803 0.654819 0.069125
 0.082882 0.578841 0.289800 0.048476

MOTIF 13-CUGGAAGA STREME-13
letter-probability matrix: alength= 4 w= 8 nsites= 303 E= 1.3e-005
 0.036949 0.908616 0.053828 0.000607
 0.029962 0.000373 0.002610 0.967055
 0.000180 0.001613 0.988663 0.009544
 0.000180 0.012928 0.967520 0.019372
 0.708805 0.000149 0.181833 0.109212
 0.967222 0.008307 0.024262 0.000209
 0.000180 0.001249 0.997907 0.000664
 0.667076 0.321783 0.007480 0.003661

MOTIF 14-GUGAGGUA STREME-14
letter-probability matrix: alength= 4 w= 8 nsites= 381 E= 1.6e-005
 0.105333 0.161793 0.635885 0.096989
 0.009051 0.092267 0.010866 0.887817
 0.001031 0.009283 0.989392 0.000294
 0.998023 0.001002 0.000390 0.000584
 0.063457 0.003803 0.925396 0.007344
 0.000165 0.001314 0.997550 0.000971
 0.000165 0.000137 0.000153 0.999544
 0.986911 0.012744 0.000153 0.000192

MOTIF 15-GGAUGUUUAC STREME-15
letter-probability matrix: alength= 4 w= 10 nsites= 179 E= 3.4e-005
 0.000248 0.000206 0.987942 0.011603
 0.001547 0.000206 0.997959 0.000288
 0.669639 0.216310 0.032808 0.081244
 0.006991 0.000206 0.000230 0.992573
 0.006991 0.000206 0.989717 0.003086
 0.000248 0.000206 0.000230 0.999316
 0.000248 0.000206 0.000230 0.999316
 0.000248 0.000206 0.000230 0.999316
 0.635793 0.000206 0.255750 0.108251
 0.000248 0.999233 0.000230 0.000288

MOTIF 16-GGKCUCUG STREME-16
letter-probability matrix: alength= 4 w= 8 nsites= 312 E= 7.7e-005
 0.000218 0.018709 0.980819 0.000253
 0.000218 0.000181 0.999347 0.000253
 0.000218 0.034178 0.354963 0.610641
 0.000218 0.999326 0.000202 0.000253
 0.000218 0.000181 0.000202 0.999398
 0.203304 0.668507 0.042896 0.085293
 0.000218 0.000181 0.000202 0.999398
 0.087343 0.000181 0.701590 0.210885

MOTIF 17-GCUUUCAGY STREME-17
letter-probability matrix: alength= 4 w= 9 nsites= 155 E= 8.6e-005
 0.034968 0.000265 0.964397 0.000370
 0.008980 0.981693 0.008957 0.000370
 0.086968 0.001933 0.000296 0.910804
 0.000319 0.000265 0.000296 0.999121
 0.000319 0.008925 0.000692 0.990064
 0.003913 0.990158 0.000296 0.005633
 0.998263 0.000265 0.001102 0.000370
 0.000319 0.000265 0.998240 0.001176
 0.000319 0.337710 0.000296 0.661675

MOTIF 18-UUUUUGCGRUCUG STREME-18
letter-probability matrix: alength= 4 w= 13 nsites= 136 E= 8.6e-005
 0.000324 0.000269 0.009098 0.990310
 0.000324 0.000269 0.000300 0.999107
 0.000324 0.000269 0.000300 0.999107
 0.000324 0.000269 0.000300 0.999107
 0.000324 0.000269 0.026694 0.972713
 0.000324 0.000269 0.999031 0.000376
 0.000324 0.730170 0.000300 0.269206
 0.044319 0.026663 0.928643 0.000376
 0.461303 0.000269 0.538052 0.000376
 0.000324 0.000269 0.000300 0.999107
 0.044319 0.608423 0.289318 0.057940
 0.000324 0.000269 0.000300 0.999107
 0.000324 0.000269 0.858168 0.141239

MOTIF 19-CACAAGCUYGU STREME-19
letter-probability matrix: alength= 4 w= 11 nsites= 129 E= 1.7e-004
 0.000346 0.970759 0.000321 0.028575
 0.952038 0.000287 0.028492 0.019183
 0.000346 0.998932 0.000321 0.000402
 0.863543 0.000287 0.004218 0.131953
 0.998991 0.000287 0.000321 0.000402
 0.000346 0.000287 0.998966 0.000402
 0.131897 0.848600 0.000321 0.019182
 0.000346 0.000287 0.000321 0.999047
 0.019126 0.477999 0.000321 0.502554
 0.000346 0.000287 0.998966 0.000402
 0.094283 0.254091 0.000321 0.651305

MOTIF 20-UCYAUGGG STREME-20
letter-probability matrix: alength= 4 w= 8 nsites= 302 E= 2.5e-004
 0.000181 0.000150 0.025982 0.973688
 0.000181 0.999442 0.000167 0.000210
 0.000181 0.494611 0.039679 0.465530
 0.999473 0.000150 0.000167 0.000210
 0.000181 0.012610 0.314524 0.672686
 0.261165 0.000150 0.738476 0.000210
 0.000181 0.000150 0.999460 0.000210
 0.000181 0.000150 0.999460 0.000210

MOTIF 21-UUUGGUUAU STREME-21
letter-probability matrix: alength= 4 w= 9 nsites= 183 E= 9.6e-004
 0.023200 0.019245 0.021518 0.936036
 0.023200 0.019245 0.021518 0.936036
 0.023200 0.019245 0.021518 0.936036
 0.023200 0.019245 0.930609 0.026945
 0.023200 0.019245 0.930609 0.026945
 0.023200 0.019245 0.021518 0.936036
 0.023200 0.019245 0.021518 0.936036
 0.932291 0.019245 0.021518 0.026945
 0.023200 0.019245 0.021518 0.936036

MOTIF 22-GUAAURAUG STREME-22
letter-probability matrix: alength= 4 w= 9 nsites= 150 E= 1.4e-003
 0.000299 0.000248 0.999104 0.000348
 0.000299 0.000248 0.000278 0.999174
 0.999126 0.000248 0.000278 0.000348
 0.999126 0.000248 0.000278 0.000348
 0.000299 0.309940 0.000278 0.689483
 0.342661 0.000248 0.653367 0.003724
 0.999126 0.000248 0.000278 0.000348
 0.000299 0.000248 0.000278 0.999174
 0.000299 0.000248 0.999104 0.000348

MOTIF 23-ACCCGUAGAU STREME-23
letter-probability matrix: alength= 4 w= 10 nsites= 138 E= 1.4e-003
 0.932291 0.019245 0.021518 0.026945
 0.023200 0.928336 0.021518 0.026945
 0.023200 0.928336 0.021518 0.026945
 0.023200 0.928336 0.021518 0.026945
 0.023200 0.019245 0.930609 0.026945
 0.023200 0.019245 0.021518 0.936036
 0.932291 0.019245 0.021518 0.026945
 0.023200 0.019245 0.930609 0.026945
 0.932291 0.019245 0.021518 0.026945
 0.023200 0.019245 0.021518 0.936036

MOTIF 24-CCAGGGAUYHC STREME-24
letter-probability matrix: alength= 4 w= 11 nsites= 214 E= 2.9e-003
 0.000188 0.999420 0.000174 0.000218
 0.000188 0.932576 0.000174 0.067062
 0.973938 0.025669 0.000174 0.000218
 0.000188 0.005258 0.833418 0.161136
 0.000188 0.000156 0.994336 0.005321
 0.214719 0.000156 0.784907 0.000218
 0.994349 0.005258 0.000174 0.000218
 0.000188 0.000156 0.066548 0.933109
 0.005290 0.452212 0.000174 0.542323
 0.220049 0.404063 0.000174 0.375713
 0.000188 0.999420 0.000174 0.000218

MOTIF 25-UCUCAGCUGUSAAM STREME-25
letter-probability matrix: alength= 4 w= 14 nsites= 163 E= 3.6e-003
 0.309689 0.007591 0.029715 0.653005
 0.000271 0.999162 0.000252 0.000315
 0.000271 0.000225 0.000252 0.999252
 0.000271 0.991797 0.007617 0.000315
 0.862611 0.000225 0.000252 0.136912
 0.000271 0.014957 0.984457 0.000315
 0.007637 0.991797 0.000252 0.000315
 0.000271 0.000225 0.000252 0.999252
 0.022369 0.000225 0.977091 0.000315
 0.000271 0.000225 0.251067 0.748437
 0.169709 0.280505 0.542105 0.007681
 0.634165 0.081270 0.213969 0.070596
 0.594038 0.154916 0.103391 0.147656
 0.424265 0.464679 0.073912 0.037145

MOTIF 26-CAGUGWAGAU STREME-26
letter-probability matrix: alength= 4 w= 10 nsites= 165 E= 5.9e-003
 0.000252 0.999223 0.000233 0.000292
 0.999266 0.000209 0.000233 0.000292
 0.000252 0.000209 0.999248 0.000292
 0.000252 0.000209 0.198635 0.800905
 0.000252 0.000209 0.999248 0.000292
 0.400886 0.000209 0.106977 0.491928
 0.992434 0.007041 0.000233 0.000292
 0.000252 0.164221 0.825567 0.009960
 0.787138 0.000209 0.212361 0.000292
 0.220825 0.219169 0.000233 0.559773

MOTIF 27-UGGAAGACU STREME-27
letter-probability matrix: alength= 4 w= 9 nsites= 153 E= 6.8e-003
 0.000332 0.000275 0.000308 0.999085
 0.000332 0.000275 0.999008 0.000385
 0.000332 0.000275 0.999008 0.000385
 0.899832 0.000275 0.000308 0.099585
 0.981008 0.018299 0.000308 0.000385
 0.000332 0.000275 0.999008 0.000385
 0.999032 0.000275 0.000308 0.000385
 0.000332 0.998975 0.000308 0.000385
 0.000332 0.000275 0.000308 0.999085

MOTIF 28-CCCYAAAAA STREME-28
letter-probability matrix: alength= 4 w= 9 nsites= 147 E= 6.8e-003
 0.000357 0.998897 0.000331 0.000415
 0.000357 0.998897 0.000331 0.000415
 0.000357 0.989203 0.010025 0.000415
 0.000357 0.643895 0.000331 0.355417
 0.998958 0.000296 0.000331 0.000415
 0.989264 0.000296 0.000331 0.010109
 0.918454 0.080800 0.000331 0.000415
 0.989264 0.000296 0.010025 0.000415
 0.998958 0.000296 0.000331 0.000415

MOTIF 29-UCAUAAAGC STREME-29
letter-probability matrix: alength= 4 w= 9 nsites= 222 E= 7.1e-003
 0.024354 0.000245 0.000274 0.975127
 0.000295 0.858242 0.000274 0.141188
 0.985681 0.013702 0.000274 0.000343
 0.000295 0.000245 0.000274 0.999186
 0.999138 0.000245 0.000274 0.000343
 0.999138 0.000245 0.000274 0.000343
 0.725091 0.008264 0.001362 0.265284
 0.000295 0.000245 0.999117 0.000343
 0.000295 0.999088 0.000274 0.000343

MOTIF 30-UAAAGAAGUAUGUA STREME-30
letter-probability matrix: alength= 4 w= 14 nsites= 124 E= 1.2e-002
 0.000331 0.072300 0.000307 0.927061
 0.999033 0.000275 0.000307 0.000385
 0.990033 0.000275 0.000307 0.009385
 0.999033 0.000275 0.000307 0.000385
 0.000331 0.000275 0.999009 0.000385
 0.999033 0.000275 0.000307 0.000385
 0.990033 0.000275 0.000307 0.009385
 0.000331 0.000275 0.999009 0.000385
 0.000331 0.000275 0.000307 0.999086
 0.999033 0.000275 0.000307 0.000385
 0.072357 0.009275 0.000307 0.918061
 0.000331 0.000275 0.999009 0.000385
 0.000331 0.009275 0.252632 0.737762
 0.875904 0.000275 0.123436 0.000385

MOTIF 31-AUUUGGUCCCC STREME-31
letter-probability matrix: alength= 4 w= 11 nsites= 114 E= 1.2e-002
 0.998384 0.000459 0.000513 0.000643
 0.000554 0.000459 0.000513 0.998474
 0.000554 0.000459 0.000513 0.998474
 0.000554 0.000459 0.000513 0.998474
 0.000554 0.075653 0.923150 0.000643
 0.030627 0.000459 0.968271 0.000643
 0.000554 0.000459 0.000513 0.998474
 0.000554 0.968217 0.000513 0.030716
 0.000554 0.998290 0.000513 0.000643
 0.000554 0.998290 0.000513 0.000643
 0.060699 0.938144 0.000513 0.000643

MOTIF 32-MCUGUACAGC STREME-32
letter-probability matrix: alength= 4 w= 10 nsites= 110 E= 1.2e-002
 0.350415 0.631635 0.005404 0.012546
 0.000443 0.986600 0.012442 0.000514
 0.000443 0.072558 0.205077 0.721922
 0.029503 0.012399 0.957583 0.000514
 0.000443 0.000367 0.048539 0.950651
 0.974644 0.012399 0.000411 0.012546
 0.000443 0.974568 0.000411 0.024578
 0.986676 0.000367 0.000411 0.012546
 0.321355 0.000367 0.677763 0.000514
 0.000443 0.788973 0.186006 0.024579

MOTIF 33-CUCAGUAGC STREME-33
letter-probability matrix: alength= 4 w= 9 nsites= 145 E= 1.3e-002
 0.004521 0.994709 0.000342 0.000428
 0.010375 0.010312 0.107230 0.872083
 0.002296 0.985001 0.000342 0.012362
 0.851635 0.143442 0.004494 0.000428
 0.092412 0.000306 0.906854 0.000428
 0.000368 0.015723 0.128835 0.855074
 0.870355 0.118869 0.000342 0.010434
 0.065846 0.010312 0.825936 0.097906
 0.000368 0.797111 0.065187 0.137334

MOTIF 34-GUGAGUUUKG STREME-34
letter-probability matrix: alength= 4 w= 10 nsites= 138 E= 2.4e-002
 0.000356 0.000296 0.998934 0.000414
 0.000356 0.000296 0.000331 0.999017
 0.000356 0.000296 0.690891 0.308457
 0.998960 0.000296 0.000331 0.000414
 0.000356 0.000296 0.998934 0.000414
 0.000356 0.000296 0.000331 0.999017
 0.000356 0.000296 0.000331 0.999017
 0.000356 0.000296 0.000331 0.999017
 0.000356 0.000296 0.564967 0.434380
 0.140116 0.000296 0.859174 0.000414

MOTIF 35-GCUGUGCAAA STREME-35
letter-probability matrix: alength= 4 w= 10 nsites= 141 E= 2.5e-002
 0.000365 0.000303 0.998907 0.000424
 0.010287 0.660927 0.001262 0.327525
 0.000365 0.000303 0.000339 0.998993
 0.000365 0.000303 0.998907 0.000424
 0.000365 0.000303 0.000339 0.998993
 0.000365 0.000303 0.681451 0.317880
 0.000365 0.998872 0.000339 0.000424
 0.679705 0.000303 0.000339 0.319653
 0.998934 0.000303 0.000339 0.000424
 0.708052 0.291185 0.000339 0.000424

MOTIF 36-AAGUUCUG STREME-36
letter-probability matrix: alength= 4 w= 8 nsites= 214 E= 4.7e-002
 0.894883 0.000250 0.000279 0.104589
 0.996675 0.002696 0.000279 0.000349
 0.000301 0.000250 0.999100 0.000349
 0.000301 0.000250 0.000279 0.999171
 0.070515 0.000250 0.000279 0.928956
 0.000301 0.999071 0.000279 0.000349
 0.000301 0.225502 0.002817 0.771380
 0.028714 0.000250 0.970688 0.000349

MOTIF 37-CUUGURGCAU STREME-37
letter-probability matrix: alength= 4 w= 10 nsites= 122 E= 4.7e-002
 0.000407 0.998744 0.000377 0.000472
 0.000407 0.000337 0.000377 0.998879
 0.000407 0.000337 0.000377 0.998879
 0.000407 0.225675 0.773446 0.000472
 0.000407 0.000337 0.000377 0.998879
 0.372759 0.011381 0.470099 0.145761
 0.000407 0.000337 0.998784 0.000472
 0.000407 0.998744 0.000377 0.000472
 0.976727 0.022424 0.000377 0.000472
 0.000407 0.107249 0.011420 0.880924

MOTIF 38-GGCCUAUUCUYGAU STREME-38
letter-probability matrix: alength= 4 w= 14 nsites= 127 E= 4.8e-002
 0.294091 0.009169 0.696360 0.000380
 0.000328 0.000272 0.999020 0.000380
 0.009225 0.981193 0.000304 0.009278
 0.000328 0.998988 0.000304 0.000380
 0.000328 0.000272 0.000304 0.999097
 0.714182 0.009169 0.258473 0.018175
 0.009225 0.018068 0.000304 0.972404
 0.009225 0.222810 0.018100 0.749865
 0.000328 0.990091 0.000304 0.009278
 0.062619 0.009169 0.044794 0.883418
 0.133886 0.311827 0.098181 0.456106
 0.000328 0.169464 0.820931 0.009278
 0.837124 0.000272 0.153327 0.009278
 0.151681 0.018067 0.000304 0.829949

MOTIF 39-AACAUGGUUCYG STREME-39
letter-probability matrix: alength= 4 w= 12 nsites= 68 E= 4.8e-002
 0.787097 0.192270 0.019814 0.000819
 0.997941 0.000585 0.000654 0.000819
 0.000705 0.997821 0.000654 0.000819
 0.997941 0.000585 0.000654 0.000819
 0.000705 0.000585 0.000654 0.998055
 0.000705 0.000585 0.997890 0.000819
 0.000705 0.000585 0.997890 0.000819
 0.000705 0.000585 0.000654 0.998055
 0.000705 0.000585 0.000654 0.998055
 0.000705 0.997821 0.000654 0.000819
 0.000705 0.479818 0.000654 0.518823
 0.000705 0.000585 0.978731 0.019979

MOTIF 40-SRCUCCGWSUC STREME-40
letter-probability matrix: alength= 4 w= 11 nsites= 191 E= 8.9e-002
 0.000175 0.505219 0.489650 0.004956
 0.598147 0.000145 0.368234 0.033474
 0.002147 0.983228 0.009668 0.004956
 0.009681 0.004898 0.009668 0.975753
 0.000175 0.769172 0.009668 0.220985
 0.130382 0.650438 0.199965 0.019215
 0.090522 0.011623 0.849649 0.048206
 0.577273 0.009651 0.038187 0.374889
 0.000175 0.462567 0.537054 0.000203
 0.004928 0.004898 0.090481 0.899694
 0.165025 0.736155 0.065348 0.033473

MOTIF 41-GCUUAGCWGRUUGKU STREME-41
letter-probability matrix: alength= 4 w= 15 nsites= 199 E= 9.7e-002
 0.153431 0.000151 0.663036 0.183382
 0.000182 0.999438 0.000169 0.000211
 0.000182 0.000151 0.000169 0.999498
 0.000182 0.000151 0.000169 0.999498
 0.945094 0.000151 0.054544 0.000211
 0.000182 0.000151 0.697739 0.301928
 0.000182 0.964843 0.000169 0.034806
 0.351332 0.005093 0.000169 0.643407
 0.049615 0.039687 0.910487 0.000211
 0.549265 0.118885 0.321755 0.010096
 0.010066 0.262298 0.000169 0.727467
 0.000182 0.064410 0.000169 0.935239
 0.010066 0.000151 0.950036 0.039748
 0.123858 0.024862 0.420625 0.430656
 0.188039 0.000151 0.118903 0.692908

MOTIF 42-CCUACUGAGCUGAWA STREME-42
letter-probability matrix: alength= 4 w= 15 nsites= 124 E= 9.7e-002
 0.000322 0.990251 0.000299 0.009128
 0.000322 0.972741 0.000299 0.026638
 0.000322 0.000267 0.000299 0.999111
 0.736341 0.000267 0.210492 0.052899
 0.000322 0.999004 0.000299 0.000374
 0.000322 0.000267 0.000299 0.999111
 0.131696 0.000267 0.867662 0.000374
 0.639984 0.000267 0.271813 0.087935
 0.228007 0.000267 0.762598 0.009128
 0.000322 0.876372 0.122931 0.000374
 0.000322 0.000267 0.000299 0.999111
 0.000322 0.000267 0.999036 0.000374
 0.806380 0.000267 0.192979 0.000374
 0.420818 0.044038 0.000299 0.534845
 0.850173 0.000267 0.114166 0.035394

MOTIF 43-GCUGGUAAAAU STREME-43
letter-probability matrix: alength= 4 w= 11 nsites= 79 E= 9.7e-002
 0.000554 0.000459 0.998344 0.000643
 0.000554 0.998290 0.000513 0.000643
 0.000554 0.000459 0.000513 0.998474
 0.221476 0.000459 0.777421 0.000643
 0.000554 0.000459 0.998344 0.000643
 0.000554 0.000459 0.000513 0.998474
 0.998384 0.000459 0.000513 0.000643
 0.998384 0.000459 0.000513 0.000643
 0.777461 0.000459 0.000513 0.221566
 0.983348 0.000459 0.000513 0.015680
 0.008681 0.000459 0.000513 0.990346

MOTIF 44-UCAGUUCCURAUG STREME-44
letter-probability matrix: alength= 4 w= 13 nsites= 61 E= 9.7e-002
 0.000734 0.000609 0.239998 0.758660
 0.000734 0.997733 0.000681 0.000852
 0.957993 0.000609 0.000681 0.040718
 0.000734 0.100288 0.898126 0.000852
 0.000734 0.000609 0.000681 0.997977
 0.020666 0.020541 0.000681 0.958113
 0.000734 0.997733 0.000681 0.000852
 0.000734 0.878122 0.000681 0.120464
 0.020666 0.000609 0.000681 0.978045
 0.519333 0.180020 0.299795 0.000852
 0.997858 0.000609 0.000681 0.000852
 0.000734 0.000609 0.000681 0.997977
 0.000734 0.000609 0.997805 0.000852

MOTIF 45-GACCGUUGABUGU STREME-45
letter-probability matrix: alength= 4 w= 13 nsites= 150 E= 1.7e-001
 0.044968 0.000227 0.954486 0.000319
 0.991751 0.000227 0.007703 0.000319
 0.000274 0.820341 0.141818 0.037566
 0.000274 0.701115 0.089673 0.208938
 0.000274 0.000227 0.984282 0.015216
 0.000274 0.000227 0.000254 0.999244
 0.000274 0.000227 0.015152 0.984347
 0.007723 0.000227 0.991731 0.000319
 0.850187 0.000227 0.141818 0.007767
 0.149295 0.358150 0.298341 0.194214
 0.000274 0.000227 0.000254 0.999244
 0.000274 0.097102 0.902305 0.000319
 0.007723 0.000227 0.216392 0.775657

MOTIF 46-CAUCUUAC STREME-46
letter-probability matrix: alength= 4 w= 8 nsites= 115 E= 1.7e-001
 0.000931 0.997125 0.000863 0.001081
 0.732770 0.000772 0.265377 0.001081
 0.000931 0.000772 0.000863 0.997434
 0.000931 0.997125 0.000863 0.001081
 0.000931 0.000772 0.000863 0.997434
 0.000931 0.000772 0.000863 0.997434
 0.997284 0.000772 0.000863 0.001081
 0.000931 0.997125 0.000863 0.001081

MOTIF 47-UCCAUGCAAAA STREME-47
letter-probability matrix: alength= 4 w= 11 nsites= 124 E= 1.9e-001
 0.000319 0.000265 0.000296 0.999121
 0.000319 0.999015 0.000296 0.000370
 0.000319 0.591331 0.139011 0.269339
 0.999069 0.000265 0.000296 0.000370
 0.000319 0.000265 0.000296 0.999121
 0.000319 0.000265 0.999046 0.000370
 0.000319 0.999015 0.000296 0.000370
 0.990406 0.000265 0.000296 0.009033
 0.999069 0.000265 0.000296 0.000370
 0.999069 0.000265 0.000296 0.000370
 0.999069 0.000265 0.000296 0.000370

MOTIF 48-CAAUGAAUGCA STREME-48
letter-probability matrix: alength= 4 w= 11 nsites= 72 E= 1.9e-001
 0.023200 0.928336 0.021518 0.026945
 0.932291 0.019245 0.021518 0.026945
 0.932291 0.019245 0.021518 0.026945
 0.023200 0.019245 0.021518 0.936036
 0.023200 0.019245 0.930609 0.026945
 0.932291 0.019245 0.021518 0.026945
 0.932291 0.019245 0.021518 0.026945
 0.023200 0.019245 0.021518 0.936036
 0.023200 0.019245 0.930609 0.026945
 0.023200 0.928336 0.021518 0.026945
 0.932291 0.019245 0.021518 0.026945

MOTIF 49-GUGUUCAGAGU STREME-49
letter-probability matrix: alength= 4 w= 11 nsites= 70 E= 1.9e-001
 0.000621 0.000516 0.998141 0.000722
 0.000621 0.000516 0.000576 0.998287
 0.000621 0.135602 0.863055 0.000722
 0.000621 0.000516 0.000576 0.998287
 0.000621 0.000516 0.000576 0.998287
 0.017501 0.981201 0.000576 0.000722
 0.998186 0.000516 0.000576 0.000722
 0.000621 0.000516 0.998141 0.000722
 0.998186 0.000516 0.000576 0.000722
 0.000621 0.000516 0.998141 0.000722
 0.000621 0.000516 0.270737 0.728126

MOTIF 50-GGAAGCCCUUA STREME-50
letter-probability matrix: alength= 4 w= 11 nsites= 59 E= 1.9e-001
 0.023200 0.019245 0.930609 0.026945
 0.023200 0.019245 0.930609 0.026945
 0.932291 0.019245 0.021518 0.026945
 0.932291 0.019245 0.021518 0.026945
 0.023200 0.019245 0.930609 0.026945
 0.023200 0.928336 0.021518 0.026945
 0.023200 0.928336 0.021518 0.026945
 0.023200 0.928336 0.021518 0.026945
 0.023200 0.019245 0.021518 0.936036
 0.023200 0.019245 0.021518 0.936036
 0.932291 0.019245 0.021518 0.026945

MOTIF 51-ACCUGGGCA STREME-51
letter-probability matrix: alength= 4 w= 9 nsites= 152 E= 2.0e-001
 0.924564 0.000248 0.074842 0.000347
 0.000298 0.999078 0.000277 0.000347
 0.000298 0.933752 0.000277 0.065672
 0.012786 0.007601 0.243572 0.736041
 0.296656 0.000248 0.702750 0.000347
 0.000298 0.000248 0.999107 0.000347
 0.000298 0.000248 0.901777 0.097677
 0.000298 0.844986 0.154369 0.000347
 0.739418 0.000248 0.134980 0.125355

MOTIF 52-GGAUAGGCU STREME-52
letter-probability matrix: alength= 4 w= 9 nsites= 159 E= 3.1e-001
 0.000258 0.000214 0.999227 0.000300
 0.000258 0.000214 0.992212 0.007316
 0.703874 0.000214 0.003151 0.292761
 0.000258 0.000214 0.000240 0.999288
 0.992231 0.007230 0.000240 0.000300
 0.000258 0.000214 0.999227 0.000300
 0.000258 0.000214 0.999227 0.000300
 0.000258 0.809528 0.000240 0.189974
 0.000258 0.000214 0.000240 0.999288

MOTIF 53-AACAUUCAA STREME-53
letter-probability matrix: alength= 4 w= 9 nsites= 82 E= 3.1e-001
 0.932291 0.019245 0.021518 0.026945
 0.932291 0.019245 0.021518 0.026945
 0.023200 0.928336 0.021518 0.026945
 0.932291 0.019245 0.021518 0.026945
 0.023200 0.019245 0.021518 0.936036
 0.023200 0.019245 0.021518 0.936036
 0.023200 0.928336 0.021518 0.026945
 0.932291 0.019245 0.021518 0.026945
 0.932291 0.019245 0.021518 0.026945

MOTIF 54-GGRUUCCUGG STREME-54
letter-probability matrix: alength= 4 w= 10 nsites= 147 E= 3.9e-001
 0.000276 0.000229 0.999174 0.000321
 0.052812 0.000229 0.946638 0.000321
 0.383701 0.000229 0.615749 0.000321
 0.000276 0.000229 0.000256 0.999238
 0.000276 0.000229 0.000256 0.999238
 0.000276 0.999147 0.000256 0.000321
 0.000276 0.939107 0.000256 0.060361
 0.000276 0.000229 0.000256 0.999238
 0.052809 0.000229 0.946641 0.000321
 0.000276 0.000229 0.999174 0.000321

MOTIF 55-CAUACUUCCUUAC STREME-55
letter-probability matrix: alength= 4 w= 13 nsites= 105 E= 3.9e-001
 0.023200 0.928336 0.021518 0.026945
 0.932291 0.019245 0.021518 0.026945
 0.023200 0.019245 0.021518 0.936036
 0.932291 0.019245 0.021518 0.026945
 0.023200 0.928336 0.021518 0.026945
 0.023200 0.019245 0.021518 0.936036
 0.023200 0.019245 0.021518 0.936036
 0.023200 0.928336 0.021518 0.026945
 0.023200 0.928336 0.021518 0.026945
 0.023200 0.019245 0.021518 0.936036
 0.023200 0.019245 0.021518 0.936036
 0.932291 0.019245 0.021518 0.026945
 0.023200 0.928336 0.021518 0.026945

MOTIF 56-UUUCCUACUUURU STREME-56
letter-probability matrix: alength= 4 w= 13 nsites= 85 E= 3.9e-001
 0.000524 0.000435 0.014727 0.984314
 0.000524 0.000435 0.000486 0.998554
 0.000524 0.100148 0.014727 0.884601
 0.014765 0.955658 0.028968 0.000609
 0.000524 0.969898 0.000486 0.029091
 0.114488 0.057399 0.000486 0.827627
 0.827542 0.000435 0.028968 0.143055
 0.000524 0.969898 0.000486 0.029091
 0.000524 0.014675 0.014727 0.970074
 0.000524 0.000435 0.214134 0.784907
 0.000524 0.000435 0.000486 0.998554
 0.542692 0.000435 0.456265 0.000609
 0.014765 0.000435 0.000486 0.984314

MOTIF 57-UAAGGUGCAKS STREME-57
letter-probability matrix: alength= 4 w= 11 nsites= 91 E= 3.9e-001
 0.165996 0.048984 0.019804 0.765216
 0.997079 0.000297 0.002207 0.000416
 0.930786 0.000297 0.000332 0.068585
 0.000358 0.000297 0.998928 0.000416
 0.000358 0.000297 0.852819 0.146526
 0.000358 0.000297 0.010068 0.989276
 0.000358 0.000297 0.998928 0.000416
 0.029565 0.930743 0.000332 0.039360
 0.833420 0.000297 0.117187 0.049095
 0.019830 0.019769 0.362585 0.597816
 0.010094 0.471059 0.518431 0.000416

MOTIF 58-ACAGAACUUUG STREME-58
letter-probability matrix: alength= 4 w= 11 nsites= 81 E= 3.9e-001
 0.998341 0.000472 0.000527 0.000660
 0.000569 0.998244 0.000527 0.000660
 0.982897 0.000472 0.000527 0.016104
 0.000569 0.000472 0.998299 0.000660
 0.998341 0.000472 0.000527 0.000660
 0.998341 0.000472 0.000527 0.000660
 0.000569 0.998244 0.000527 0.000660
 0.000569 0.000472 0.000527 0.998432
 0.016012 0.000472 0.000527 0.982989
 0.000569 0.000472 0.294229 0.704731
 0.000569 0.000472 0.998299 0.000660

MOTIF 59-GGGCAGCUGUG STREME-59
letter-probability matrix: alength= 4 w= 11 nsites= 76 E= 3.9e-001
 0.000534 0.000443 0.998402 0.000621
 0.000534 0.000443 0.998402 0.000621
 0.000534 0.000443 0.998402 0.000621
 0.000534 0.998349 0.000496 0.000621
 0.998440 0.000443 0.000496 0.000621
 0.000534 0.000443 0.998402 0.000621
 0.213776 0.785108 0.000496 0.000621
 0.218445 0.058508 0.015010 0.708037
 0.000534 0.000443 0.780491 0.218532
 0.000534 0.000443 0.000496 0.998527
 0.000534 0.000443 0.954855 0.044167

MOTIF 60-CGGUGGGUU STREME-60
letter-probability matrix: alength= 4 w= 9 nsites= 60 E= 3.9e-001
 0.023200 0.928336 0.021518 0.026945
 0.023200 0.019245 0.930609 0.026945
 0.023200 0.019245 0.930609 0.026945
 0.023200 0.019245 0.021518 0.936036
 0.023200 0.019245 0.930609 0.026945
 0.023200 0.019245 0.930609 0.026945
 0.023200 0.019245 0.930609 0.026945
 0.023200 0.019245 0.021518 0.936036
 0.023200 0.019245 0.021518 0.936036

MOTIF 61-AGGGMCUU STREME-61
letter-probability matrix: alength= 4 w= 8 nsites= 234 E= 5.1e-001
 0.959599 0.002211 0.037767 0.000424
 0.000365 0.000814 0.998398 0.000424
 0.000365 0.000756 0.998455 0.000424
 0.069740 0.000303 0.887977 0.041980
 0.358003 0.637093 0.000338 0.004566
 0.000365 0.998873 0.000338 0.000424
 0.255456 0.035687 0.010246 0.698610
 0.010272 0.010210 0.000338 0.979179

MOTIF 62-GGUUUGCAUWU STREME-62
letter-probability matrix: alength= 4 w= 11 nsites= 101 E= 5.8e-001
 0.000461 0.087953 0.911051 0.000535
 0.000461 0.000382 0.998623 0.000535
 0.012968 0.209073 0.025442 0.752517
 0.063012 0.000382 0.037954 0.898652
 0.000461 0.000382 0.000427 0.998730
 0.259195 0.083924 0.631329 0.025552
 0.088041 0.910997 0.000427 0.000535
 0.998656 0.000382 0.000427 0.000535
 0.000461 0.062934 0.000427 0.936178
 0.659558 0.000382 0.000427 0.339633
 0.037985 0.155736 0.000427 0.805852

MOTIF 63-AUACAACC STREME-63
letter-probability matrix: alength= 4 w= 8 nsites= 79 E= 5.8e-001
 0.932291 0.019245 0.021518 0.026945
 0.023200 0.019245 0.021518 0.936036
 0.932291 0.019245 0.021518 0.026945
 0.023200 0.928336 0.021518 0.026945
 0.932291 0.019245 0.021518 0.026945
 0.932291 0.019245 0.021518 0.026945
 0.023200 0.928336 0.021518 0.026945
 0.023200 0.928336 0.021518 0.026945

MOTIF 64-UAUGGAAUG STREME-64
letter-probability matrix: alength= 4 w= 9 nsites= 88 E= 5.8e-001
 0.023200 0.019245 0.021518 0.936036
 0.932291 0.019245 0.021518 0.026945
 0.023200 0.019245 0.021518 0.936036
 0.023200 0.019245 0.930609 0.026945
 0.023200 0.019245 0.930609 0.026945
 0.932291 0.019245 0.021518 0.026945
 0.932291 0.019245 0.021518 0.026945
 0.023200 0.019245 0.021518 0.936036
 0.023200 0.019245 0.930609 0.026945

MOTIF 65-GAGCUCCUKGA STREME-65
letter-probability matrix: alength= 4 w= 11 nsites= 60 E= 7.9e-001
 0.019495 0.000574 0.979127 0.000804
 0.979177 0.019377 0.000642 0.000804
 0.000692 0.000574 0.997929 0.000804
 0.000692 0.997862 0.000642 0.000804
 0.000692 0.000574 0.151120 0.847614
 0.000692 0.997862 0.000642 0.000804
 0.000692 0.997862 0.000642 0.000804
 0.000692 0.000574 0.000642 0.998091
 0.000692 0.207462 0.320555 0.471290
 0.057107 0.000574 0.941515 0.000804
 0.997980 0.000574 0.000642 0.000804

MOTIF 66-AAUCGGUUA STREME-66
letter-probability matrix: alength= 4 w= 9 nsites= 63 E= 7.9e-001
 0.932291 0.019245 0.021518 0.026945
 0.932291 0.019245 0.021518 0.026945
 0.023200 0.019245 0.021518 0.936036
 0.023200 0.928336 0.021518 0.026945
 0.023200 0.019245 0.930609 0.026945
 0.023200 0.019245 0.930609 0.026945
 0.023200 0.019245 0.021518 0.936036
 0.023200 0.019245 0.021518 0.936036
 0.932291 0.019245 0.021518 0.026945

MOTIF 67-UUCAAGUAAUCCA STREME-67
letter-probability matrix: alength= 4 w= 13 nsites= 108 E= 1.1e+000
 0.023200 0.019245 0.021518 0.936036
 0.023200 0.019245 0.021518 0.936036
 0.023200 0.928336 0.021518 0.026945
 0.932291 0.019245 0.021518 0.026945
 0.932291 0.019245 0.021518 0.026945
 0.023200 0.019245 0.930609 0.026945
 0.023200 0.019245 0.021518 0.936036
 0.932291 0.019245 0.021518 0.026945
 0.932291 0.019245 0.021518 0.026945
 0.023200 0.019245 0.021518 0.936036
 0.023200 0.928336 0.021518 0.026945
 0.023200 0.928336 0.021518 0.026945
 0.932291 0.019245 0.021518 0.026945

MOTIF 68-AUGAGUGUAUUK STREME-68
letter-probability matrix: alength= 4 w= 12 nsites= 119 E= 1.1e+000
 0.886869 0.112348 0.000348 0.000436
 0.000375 0.000311 0.000348 0.998966
 0.061489 0.000311 0.897024 0.041176
 0.988721 0.000311 0.010532 0.000436
 0.000375 0.000311 0.998878 0.000436
 0.000375 0.000311 0.000348 0.998966
 0.010559 0.000311 0.754273 0.234857
 0.000375 0.000311 0.000348 0.998966
 0.805368 0.000311 0.061465 0.132856
 0.112417 0.234720 0.000348 0.652515
 0.020744 0.010495 0.244964 0.723797
 0.000375 0.010495 0.499633 0.489496

MOTIF 69-UGCUUGAUCUAA STREME-69
letter-probability matrix: alength= 4 w= 12 nsites= 73 E= 1.1e+000
 0.000716 0.000594 0.000664 0.998026
 0.020162 0.000594 0.978412 0.000832
 0.000716 0.997788 0.000664 0.000832
 0.000716 0.000594 0.000664 0.998026
 0.000716 0.000594 0.000664 0.998026
 0.000716 0.000594 0.997859 0.000832
 0.997910 0.000594 0.000664 0.000832
 0.000716 0.000594 0.000664 0.998026
 0.000716 0.997788 0.000664 0.000832
 0.000716 0.000594 0.000664 0.998026
 0.978464 0.000594 0.000664 0.020278
 0.997910 0.000594 0.000664 0.000832

MOTIF 70-CUCACUGAA STREME-70
letter-probability matrix: alength= 4 w= 9 nsites= 89 E= 1.1e+000
 0.000642 0.913754 0.084858 0.000746
 0.000642 0.000533 0.000596 0.998230
 0.000642 0.837601 0.000596 0.161162
 0.998126 0.000533 0.000596 0.000746
 0.000642 0.998017 0.000596 0.000746
 0.000642 0.017972 0.018035 0.963351
 0.000642 0.000533 0.998080 0.000746
 0.963245 0.000533 0.000596 0.035627
 0.637019 0.056223 0.000596 0.306163

MOTIF 71-GGUUCUAGASW STREME-71
letter-probability matrix: alength= 4 w= 11 nsites= 113 E= 1.6e+000
 0.000295 0.000245 0.991098 0.008361
 0.064457 0.080468 0.846713 0.008361
 0.008314 0.024302 0.016312 0.951073
 0.000295 0.000245 0.040372 0.959088
 0.096543 0.894822 0.008292 0.000343
 0.000295 0.000245 0.000274 0.999186
 0.774423 0.032322 0.016312 0.176943
 0.032370 0.000245 0.967042 0.000343
 0.734319 0.016282 0.200932 0.048467
 0.016332 0.345632 0.613636 0.024399
 0.589570 0.000245 0.096534 0.313651

MOTIF 72-AGCACUACUARA STREME-72
letter-probability matrix: alength= 4 w= 12 nsites= 104 E= 1.6e+000
 0.696033 0.000295 0.000330 0.303342
 0.087408 0.000295 0.902214 0.010082
 0.000356 0.708749 0.145400 0.145496
 0.998961 0.000295 0.000330 0.000413
 0.000356 0.975551 0.023680 0.000413
 0.087408 0.067996 0.000330 0.844266
 0.955453 0.000295 0.000330 0.043922
 0.000356 0.989232 0.000330 0.010082
 0.206544 0.023645 0.068031 0.701780
 0.969956 0.009964 0.019667 0.000413
 0.348710 0.000295 0.640913 0.010082
 0.723276 0.155069 0.009999 0.111656

MOTIF 73-GGCAAUGGWAG STREME-73
letter-probability matrix: alength= 4 w= 11 nsites= 84 E= 1.6e+000
 0.000432 0.000358 0.998708 0.000502
 0.000432 0.000358 0.998708 0.000502
 0.000432 0.787369 0.000401 0.211799
 0.998740 0.000358 0.000401 0.000502
 0.916615 0.000358 0.082525 0.000502
 0.000432 0.211655 0.000401 0.787512
 0.000432 0.082483 0.916584 0.000502
 0.000432 0.000358 0.998708 0.000502
 0.516879 0.000358 0.000401 0.482362
 0.787443 0.211655 0.000401 0.000502
 0.000432 0.000358 0.787411 0.211799

MOTIF 74-CCGGAGUCU STREME-74
letter-probability matrix: alength= 4 w= 9 nsites= 61 E= 1.6e+000
 0.023200 0.928336 0.021518 0.026945
 0.023200 0.928336 0.021518 0.026945
 0.023200 0.019245 0.930609 0.026945
 0.023200 0.019245 0.930609 0.026945
 0.932291 0.019245 0.021518 0.026945
 0.023200 0.019245 0.930609 0.026945
 0.023200 0.019245 0.021518 0.936036
 0.023200 0.928336 0.021518 0.026945
 0.023200 0.019245 0.021518 0.936036

MOTIF 75-AUGGUGGYUUAGA STREME-75
letter-probability matrix: alength= 4 w= 13 nsites= 60 E= 1.6e+000
 0.878284 0.000609 0.120255 0.000852
 0.000734 0.000609 0.000680 0.997977
 0.000734 0.000609 0.997806 0.000852
 0.000734 0.000609 0.997806 0.000852
 0.000734 0.000609 0.000680 0.997977
 0.000734 0.000609 0.997806 0.000852
 0.040585 0.000609 0.918102 0.040705
 0.000734 0.479174 0.000680 0.519412
 0.000734 0.000609 0.000680 0.997977
 0.000734 0.000609 0.000680 0.997977
 0.997859 0.000609 0.000680 0.000852
 0.000734 0.000609 0.997806 0.000852
 0.997859 0.000609 0.000680 0.000852

MOTIF 76-ACUCCAGCAUC STREME-76
letter-probability matrix: alength= 4 w= 11 nsites= 52 E= 1.6e+000
 0.932291 0.019245 0.021518 0.026945
 0.023200 0.928336 0.021518 0.026945
 0.023200 0.019245 0.021518 0.936036
 0.023200 0.928336 0.021518 0.026945
 0.023200 0.928336 0.021518 0.026945
 0.932291 0.019245 0.021518 0.026945
 0.023200 0.019245 0.930609 0.026945
 0.023200 0.928336 0.021518 0.026945
 0.932291 0.019245 0.021518 0.026945
 0.023200 0.019245 0.021518 0.936036
 0.023200 0.928336 0.021518 0.026945

MOTIF 77-GGAACCAAAUCA STREME-77
letter-probability matrix: alength= 4 w= 12 nsites= 59 E= 1.6e+000
 0.023200 0.019245 0.930609 0.026945
 0.023200 0.019245 0.930609 0.026945
 0.932291 0.019245 0.021518 0.026945
 0.932291 0.019245 0.021518 0.026945
 0.023200 0.928336 0.021518 0.026945
 0.023200 0.928336 0.021518 0.026945
 0.932291 0.019245 0.021518 0.026945
 0.932291 0.019245 0.021518 0.026945
 0.932291 0.019245 0.021518 0.026945
 0.023200 0.019245 0.021518 0.936036
 0.023200 0.928336 0.021518 0.026945
 0.932291 0.019245 0.021518 0.026945

MOTIF 78-GCACUAGCA STREME-78
letter-probability matrix: alength= 4 w= 9 nsites= 62 E= 1.6e+000
 0.000786 0.000652 0.997650 0.000912
 0.000786 0.997573 0.000729 0.000912
 0.679580 0.107356 0.000729 0.212335
 0.000786 0.997573 0.000729 0.000912
 0.000786 0.000652 0.000729 0.997834
 0.997707 0.000652 0.000729 0.000912
 0.000786 0.000652 0.997650 0.000912
 0.000786 0.997573 0.000729 0.000912
 0.976371 0.000652 0.022065 0.000912

MOTIF 79-CCUGAASUA STREME-79
letter-probability matrix: alength= 4 w= 9 nsites= 47 E= 1.6e+000
 0.000873 0.997304 0.000810 0.001014
 0.000873 0.997304 0.000810 0.001014
 0.000873 0.000724 0.000810 0.997594
 0.024578 0.000724 0.973684 0.001014
 0.950040 0.000724 0.000810 0.048427
 0.997453 0.000724 0.000810 0.001014
 0.000873 0.332820 0.665293 0.001014
 0.000873 0.000724 0.000810 0.997594
 0.997453 0.000724 0.000810 0.001014

MOTIF 80-CCCWGGUG STREME-80
letter-probability matrix: alength= 4 w= 8 nsites= 255 E= 1.8e+000
 0.000346 0.998933 0.000320 0.000401
 0.000346 0.998933 0.000320 0.000401
 0.000346 0.809026 0.000320 0.190308
 0.567422 0.038575 0.000320 0.393683
 0.179197 0.000287 0.820115 0.000401
 0.000346 0.000287 0.998967 0.000401
 0.148868 0.000287 0.000320 0.850525
 0.109028 0.069029 0.821542 0.000401

MOTIF 81-AAACCAUC STREME-81
letter-probability matrix: alength= 4 w= 8 nsites= 97 E= 1.9e+000
 0.932291 0.019245 0.021518 0.026945
 0.932291 0.019245 0.021518 0.026945
 0.932291 0.019245 0.021518 0.026945
 0.023200 0.928336 0.021518 0.026945
 0.023200 0.928336 0.021518 0.026945
 0.932291 0.019245 0.021518 0.026945
 0.023200 0.019245 0.021518 0.936036
 0.023200 0.928336 0.021518 0.026945

MOTIF 82-CUGGCMUACAAW STREME-82
letter-probability matrix: alength= 4 w= 12 nsites= 104 E= 2.0e+000
 0.000502 0.984805 0.014110 0.000583
 0.000502 0.027704 0.000466 0.971328
 0.027790 0.000417 0.957567 0.014227
 0.000502 0.000417 0.984854 0.014227
 0.000502 0.998448 0.000466 0.000583
 0.656285 0.342666 0.000466 0.000583
 0.014146 0.054992 0.000466 0.930396
 0.998534 0.000417 0.000466 0.000583
 0.000502 0.998448 0.000466 0.000583
 0.957603 0.000417 0.000466 0.041514
 0.903029 0.027704 0.027753 0.041514
 0.342751 0.000417 0.000466 0.656366

MOTIF 83-GGUKGGGAUYDG STREME-83
letter-probability matrix: alength= 4 w= 12 nsites= 80 E= 2.0e+000
 0.000490 0.000406 0.998535 0.000569
 0.000490 0.000406 0.945322 0.053782
 0.000490 0.053618 0.000454 0.945438
 0.000490 0.000406 0.532769 0.466335
 0.000490 0.000406 0.998535 0.000569
 0.000490 0.000406 0.985233 0.013871
 0.000490 0.000406 0.998535 0.000569
 0.892143 0.027012 0.066973 0.013871
 0.000490 0.000406 0.000454 0.998650
 0.040398 0.466159 0.093579 0.399864
 0.293251 0.000406 0.399608 0.306735
 0.000490 0.000406 0.971929 0.027175

MOTIF 84-UGACCUAU STREME-84
letter-probability matrix: alength= 4 w= 8 nsites= 90 E= 2.0e+000
 0.023200 0.019245 0.021518 0.936036
 0.023200 0.019245 0.930609 0.026945
 0.932291 0.019245 0.021518 0.026945
 0.023200 0.928336 0.021518 0.026945
 0.023200 0.928336 0.021518 0.026945
 0.023200 0.019245 0.021518 0.936036
 0.932291 0.019245 0.021518 0.026945
 0.023200 0.019245 0.021518 0.936036

MOTIF 85-AAAUCACAUUG STREME-85
letter-probability matrix: alength= 4 w= 11 nsites= 141 E= 3.2e+000
 0.923607 0.000251 0.075791 0.000351
 0.999118 0.000251 0.000280 0.000351
 0.999118 0.000251 0.000280 0.000351
 0.000302 0.000251 0.000280 0.999167
 0.008511 0.990857 0.000280 0.000351
 0.941636 0.000251 0.057762 0.000351
 0.000302 0.999066 0.000280 0.000351
 0.999118 0.000251 0.000280 0.000351
 0.000302 0.008460 0.287939 0.703299
 0.000302 0.000251 0.000280 0.999167
 0.000302 0.312536 0.686810 0.000351

MOTIF 86-GCAAUCAGCARSUA STREME-86
letter-probability matrix: alength= 4 w= 14 nsites= 83 E= 3.2e+000
 0.080994 0.000491 0.901750 0.016765
 0.000592 0.821232 0.000549 0.177627
 0.998272 0.000491 0.000549 0.000687
 0.950039 0.016568 0.032705 0.000687
 0.000592 0.000491 0.000549 0.998368
 0.000592 0.998172 0.000549 0.000687
 0.998272 0.000491 0.000549 0.000687
 0.000592 0.000491 0.998230 0.000687
 0.000592 0.933853 0.000549 0.065006
 0.998272 0.000491 0.000549 0.000687
 0.628384 0.000491 0.370437 0.000687
 0.016669 0.418621 0.564023 0.000687
 0.080987 0.048724 0.000549 0.869739
 0.998272 0.000491 0.000549 0.000687

MOTIF 87-AACAGCAACU STREME-87
letter-probability matrix: alength= 4 w= 10 nsites= 56 E= 3.2e+000
 0.932291 0.019245 0.021518 0.026945
 0.932291 0.019245 0.021518 0.026945
 0.023200 0.928336 0.021518 0.026945
 0.932291 0.019245 0.021518 0.026945
 0.023200 0.019245 0.930609 0.026945
 0.023200 0.928336 0.021518 0.026945
 0.932291 0.019245 0.021518 0.026945
 0.932291 0.019245 0.021518 0.026945
 0.023200 0.928336 0.021518 0.026945
 0.023200 0.019245 0.021518 0.936036

MOTIF 88-CUCGUACC STREME-88
letter-probability matrix: alength= 4 w= 8 nsites= 55 E= 3.2e+000
 0.000763 0.997642 0.000708 0.000887
 0.000763 0.000633 0.062911 0.935692
 0.000763 0.997642 0.000708 0.000887
 0.000763 0.000633 0.997717 0.000887
 0.000763 0.000633 0.000708 0.997896
 0.997772 0.000633 0.000708 0.000887
 0.000763 0.997642 0.000708 0.000887
 0.000763 0.935439 0.062911 0.000887

MOTIF 89-CAUCUGGCUAU STREME-89
letter-probability matrix: alength= 4 w= 11 nsites= 52 E= 3.2e+000
 0.023200 0.928336 0.021518 0.026945
 0.932291 0.019245 0.021518 0.026945
 0.023200 0.019245 0.021518 0.936036
 0.023200 0.928336 0.021518 0.026945
 0.023200 0.019245 0.021518 0.936036
 0.023200 0.019245 0.930609 0.026945
 0.023200 0.019245 0.930609 0.026945
 0.023200 0.928336 0.021518 0.026945
 0.023200 0.019245 0.021518 0.936036
 0.932291 0.019245 0.021518 0.026945
 0.023200 0.019245 0.021518 0.936036

MOTIF 90-UAAAGUGCU STREME-90
letter-probability matrix: alength= 4 w= 9 nsites= 57 E= 3.2e+000
 0.023200 0.019245 0.021518 0.936036
 0.932291 0.019245 0.021518 0.026945
 0.932291 0.019245 0.021518 0.026945
 0.932291 0.019245 0.021518 0.026945
 0.023200 0.019245 0.930609 0.026945
 0.023200 0.019245 0.021518 0.936036
 0.023200 0.019245 0.930609 0.026945
 0.023200 0.928336 0.021518 0.026945
 0.023200 0.019245 0.021518 0.936036

MOTIF 91-AACAAUAUCCUGR STREME-91
letter-probability matrix: alength= 4 w= 13 nsites= 47 E= 3.2e+000
 0.997390 0.000742 0.000830 0.001039
 0.997390 0.000742 0.000830 0.001039
 0.000894 0.997237 0.000830 0.001039
 0.997390 0.000742 0.000830 0.001039
 0.900203 0.097929 0.000830 0.001039
 0.000894 0.243725 0.000830 0.754551
 0.948801 0.049330 0.000830 0.001039
 0.000894 0.000742 0.000830 0.997534
 0.000894 0.997237 0.000830 0.001039
 0.000894 0.997237 0.000830 0.001039
 0.000894 0.000742 0.000830 0.997534
 0.000894 0.000742 0.997325 0.001039
 0.438272 0.000742 0.559948 0.001039

MOTIF 92-CCAUUAUCACACU STREME-92
letter-probability matrix: alength= 4 w= 13 nsites= 46 E= 3.2e+000
 0.023200 0.928336 0.021518 0.026945
 0.023200 0.928336 0.021518 0.026945
 0.932291 0.019245 0.021518 0.026945
 0.023200 0.019245 0.021518 0.936036
 0.023200 0.019245 0.021518 0.936036
 0.932291 0.019245 0.021518 0.026945
 0.023200 0.019245 0.021518 0.936036
 0.023200 0.928336 0.021518 0.026945
 0.932291 0.019245 0.021518 0.026945
 0.023200 0.928336 0.021518 0.026945
 0.932291 0.019245 0.021518 0.026945
 0.023200 0.928336 0.021518 0.026945
 0.023200 0.019245 0.021518 0.936036

MOTIF 93-GUCACAAAAGUGAUC STREME-93
letter-probability matrix: alength= 4 w= 15 nsites= 45 E= 3.2e+000
 0.023200 0.019245 0.930609 0.026945
 0.023200 0.019245 0.021518 0.936036
 0.023200 0.928336 0.021518 0.026945
 0.932291 0.019245 0.021518 0.026945
 0.023200 0.928336 0.021518 0.026945
 0.932291 0.019245 0.021518 0.026945
 0.932291 0.019245 0.021518 0.026945
 0.932291 0.019245 0.021518 0.026945
 0.932291 0.019245 0.021518 0.026945
 0.023200 0.019245 0.930609 0.026945
 0.023200 0.019245 0.021518 0.936036
 0.023200 0.019245 0.930609 0.026945
 0.932291 0.019245 0.021518 0.026945
 0.023200 0.019245 0.021518 0.936036
 0.023200 0.928336 0.021518 0.026945

MOTIF 94-UUAACCUGUGAGGWC STREME-94
letter-probability matrix: alength= 4 w= 15 nsites= 44 E= 3.2e+000
 0.000873 0.024444 0.000810 0.973873
 0.000873 0.024444 0.000810 0.973873
 0.926290 0.000724 0.000810 0.072176
 0.973732 0.000724 0.000810 0.024734
 0.000873 0.997302 0.000810 0.001014
 0.000873 0.973583 0.024530 0.001014
 0.000873 0.000724 0.000810 0.997592
 0.000873 0.048166 0.926226 0.024734
 0.024593 0.000724 0.000810 0.973873
 0.024593 0.000724 0.973668 0.001014
 0.997451 0.000724 0.000810 0.001014
 0.000873 0.024444 0.665300 0.309383
 0.024593 0.048166 0.855067 0.072173
 0.617894 0.000724 0.024530 0.356852
 0.095759 0.736371 0.048249 0.119620

MOTIF 95-AACAGUGAUU STREME-95
letter-probability matrix: alength= 4 w= 10 nsites= 46 E= 3.2e+000
 0.987130 0.000752 0.000841 0.011277
 0.948083 0.050023 0.000841 0.001053
 0.000907 0.800055 0.000841 0.198196
 0.997353 0.000752 0.000841 0.001053
 0.000907 0.000752 0.997287 0.001053
 0.000907 0.000752 0.000841 0.997499
 0.025541 0.000752 0.972653 0.001053
 0.997353 0.000752 0.000841 0.001053
 0.000907 0.099315 0.000841 0.898937
 0.000907 0.000752 0.000841 0.997499

MOTIF 96-CCCAUAUGAAC STREME-96
letter-probability matrix: alength= 4 w= 11 nsites= 53 E= 3.2e+000
 0.023200 0.928336 0.021518 0.026945
 0.023200 0.928336 0.021518 0.026945
 0.023200 0.928336 0.021518 0.026945
 0.932291 0.019245 0.021518 0.026945
 0.023200 0.019245 0.021518 0.936036
 0.932291 0.019245 0.021518 0.026945
 0.023200 0.019245 0.021518 0.936036
 0.023200 0.019245 0.930609 0.026945
 0.932291 0.019245 0.021518 0.026945
 0.932291 0.019245 0.021518 0.026945
 0.023200 0.928336 0.021518 0.026945

MOTIF 97-UAGCAGCAC STREME-97
letter-probability matrix: alength= 4 w= 9 nsites= 158 E= 3.6e+000
 0.000331 0.000275 0.000307 0.999088
 0.999034 0.000275 0.000307 0.000384
 0.000331 0.000275 0.999010 0.000384
 0.000331 0.995248 0.000307 0.004115
 0.999034 0.000275 0.000307 0.000384
 0.000331 0.000275 0.999010 0.000384
 0.000331 0.905480 0.093804 0.000384
 0.884229 0.000275 0.009295 0.106201
 0.005189 0.994119 0.000307 0.000384

MOTIF 98-AGGAACAGG STREME-98
letter-probability matrix: alength= 4 w= 9 nsites= 54 E= 3.6e+000
 0.932291 0.019245 0.021518 0.026945
 0.023200 0.019245 0.930609 0.026945
 0.023200 0.019245 0.930609 0.026945
 0.932291 0.019245 0.021518 0.026945
 0.932291 0.019245 0.021518 0.026945
 0.023200 0.928336 0.021518 0.026945
 0.932291 0.019245 0.021518 0.026945
 0.023200 0.019245 0.930609 0.026945
 0.023200 0.019245 0.930609 0.026945

MOTIF 99-GGCCCCUG STREME-99
letter-probability matrix: alength= 4 w= 8 nsites= 66 E= 3.6e+000
 0.023200 0.019245 0.930609 0.026945
 0.023200 0.019245 0.930609 0.026945
 0.023200 0.928336 0.021518 0.026945
 0.023200 0.928336 0.021518 0.026945
 0.023200 0.928336 0.021518 0.026945
 0.023200 0.928336 0.021518 0.026945
 0.023200 0.019245 0.021518 0.936036
 0.023200 0.019245 0.930609 0.026945

MOTIF 100-GUCUGUGAUGA STREME-100
letter-probability matrix: alength= 4 w= 11 nsites= 50 E= 6.3e+000
 0.023200 0.019245 0.930609 0.026945
 0.023200 0.019245 0.021518 0.936036
 0.023200 0.928336 0.021518 0.026945
 0.023200 0.019245 0.021518 0.936036
 0.023200 0.019245 0.930609 0.026945
 0.023200 0.019245 0.021518 0.936036
 0.023200 0.019245 0.930609 0.026945
 0.932291 0.019245 0.021518 0.026945
 0.023200 0.019245 0.021518 0.936036
 0.023200 0.019245 0.930609 0.026945
 0.932291 0.019245 0.021518 0.026945

MOTIF 101-GUUUAGGACCACUKG STREME-101
letter-probability matrix: alength= 4 w= 15 nsites= 53 E= 6.4e+000
 0.000797 0.000661 0.997615 0.000926
 0.000797 0.043977 0.000740 0.954487
 0.000797 0.000661 0.260718 0.737823
 0.087430 0.000661 0.000740 0.911169
 0.997673 0.000661 0.000740 0.000926
 0.000797 0.000661 0.997615 0.000926
 0.087430 0.000661 0.910983 0.000926
 0.997673 0.000661 0.000740 0.000926
 0.000797 0.997537 0.000740 0.000926
 0.044113 0.932565 0.000740 0.022583
 0.694379 0.000661 0.304033 0.000926
 0.000797 0.737559 0.000740 0.260904
 0.000797 0.000661 0.000740 0.997802
 0.044113 0.022318 0.412322 0.521247
 0.044110 0.022318 0.932646 0.000926

MOTIF 102-AGUGCCAAU STREME-102
letter-probability matrix: alength= 4 w= 9 nsites= 49 E= 6.4e+000
 0.932291 0.019245 0.021518 0.026945
 0.023200 0.019245 0.930609 0.026945
 0.023200 0.019245 0.021518 0.936036
 0.023200 0.019245 0.930609 0.026945
 0.023200 0.928336 0.021518 0.026945
 0.023200 0.928336 0.021518 0.026945
 0.932291 0.019245 0.021518 0.026945
 0.932291 0.019245 0.021518 0.026945
 0.023200 0.019245 0.021518 0.936036

********************************************************************************
Stopped because 3 consecutive motifs exceeded the p-value threshold (0.05).
********************************************************************************
COMMAND:	streme --p /data/wanglinshu/tjh/dataset/set/O/hairpin-short/positive.fasta --n /data/wanglinshu/tjh/dataset/set/O/hairpin-short/negative.fasta --rna --align center --o /data/wanglinshu/tjh/dataset/set/O/hairpin-short/streme --maxw 15 --minw 8 --thresh 0.05
********************************************************************************
CPU:		localhost.localdomain
********************************************************************************
FINALTIME:	307.60 seconds
********************************************************************************
