********************************************************************************
STREME - Sensitive, Thorough, Rapid, Enriched Motif Elicitation
********************************************************************************
MEME version 5.4.1 (Release date: Sat Aug 21 19:23:23 2021 -0700)

For further information on how to interpret these results please access http://meme-suite.org/.
To get a copy of the MEME Suite software please access https://meme-suite.org.

********************************************************************************


********************************************************************************
REFERENCE
********************************************************************************
If you use this program in your research, please cite:

Timothy L. Bailey,
"STREME: accurate and versatile sequence motif discovery",
Bioinformatics, Mar. 24, 2021.
********************************************************************************


ALPHABET= ACGU

strands: +

Background letter frequencies
A 0.257 C 0.211 G 0.235 U 0.296 

MOTIF 1-UAGUAGGYUGUAUR STREME-1
letter-probability matrix: alength= 4 w= 14 nsites= 801 E= 1.6e-023
 0.000050 0.141099 0.000045 0.858806
 0.999856 0.000041 0.000045 0.000057
 0.002727 0.029502 0.751178 0.216593
 0.004065 0.294009 0.026822 0.675103
 0.723038 0.000041 0.000045 0.276876
 0.239368 0.001379 0.759195 0.000057
 0.130543 0.000041 0.658815 0.210602
 0.000050 0.340229 0.000045 0.659676
 0.000050 0.026820 0.000045 0.973085
 0.000050 0.000041 0.999852 0.000057
 0.053626 0.187983 0.000045 0.758345
 0.876046 0.000041 0.123856 0.000057
 0.004065 0.220513 0.000045 0.775376
 0.539697 0.000041 0.328388 0.131873

MOTIF 2-AGAUAACURWA STREME-2
letter-probability matrix: alength= 4 w= 11 nsites= 554 E= 1.4e-017
 0.750994 0.011173 0.027861 0.209972
 0.001921 0.007468 0.990531 0.000079
 0.829852 0.059485 0.038982 0.071680
 0.000069 0.000056 0.036158 0.963717
 0.933913 0.057277 0.008731 0.000079
 0.999801 0.000056 0.000063 0.000079
 0.006396 0.987903 0.001916 0.003785
 0.000069 0.187717 0.007474 0.804741
 0.441492 0.001909 0.556520 0.000079
 0.428521 0.001909 0.007474 0.562096
 0.973093 0.000056 0.017507 0.009343

MOTIF 3-CACARGYUMGDYUCU STREME-3
letter-probability matrix: alength= 4 w= 15 nsites= 411 E= 4.7e-012
 0.000102 0.938987 0.058036 0.002875
 0.806630 0.069042 0.118696 0.005632
 0.000102 0.951974 0.047806 0.000118
 0.905883 0.000084 0.091158 0.002875
 0.602344 0.000084 0.394697 0.002875
 0.273415 0.000084 0.726383 0.000118
 0.000102 0.381554 0.000094 0.618250
 0.030433 0.052493 0.140783 0.776292
 0.342178 0.492089 0.000094 0.165639
 0.011131 0.074570 0.914181 0.000118
 0.229155 0.093983 0.347689 0.329174
 0.113165 0.249176 0.198708 0.438951
 0.002859 0.107678 0.000094 0.889370
 0.000102 0.991414 0.008365 0.000118
 0.000102 0.002841 0.000094 0.996963

MOTIF 4-CUUCAUUCCCC STREME-4
letter-probability matrix: alength= 4 w= 11 nsites= 391 E= 2.4e-010
 0.000105 0.996857 0.002918 0.000121
 0.002927 0.000086 0.002918 0.994069
 0.008571 0.002908 0.000096 0.988425
 0.050935 0.946026 0.002918 0.000121
 0.934772 0.048078 0.014207 0.002943
 0.022688 0.050910 0.103567 0.822835
 0.022687 0.025492 0.000096 0.951726
 0.050935 0.943204 0.005740 0.000121
 0.002927 0.988390 0.002918 0.005765
 0.163305 0.778814 0.000096 0.057785
 0.011393 0.883931 0.067859 0.036817

MOTIF 5-GCUGUCUGK STREME-5
letter-probability matrix: alength= 4 w= 9 nsites= 2525 E= 1.1e-009
 0.165833 0.037989 0.743331 0.052847
 0.000444 0.800988 0.041935 0.156634
 0.114112 0.016971 0.066857 0.802060
 0.094724 0.008428 0.799762 0.097086
 0.084737 0.104976 0.035393 0.774893
 0.026915 0.866946 0.003462 0.102676
 0.124528 0.040593 0.133296 0.701584
 0.017969 0.007189 0.878741 0.096101
 0.094555 0.065720 0.357202 0.482522

MOTIF 6-AGUGAUUUUGYY STREME-6
letter-probability matrix: alength= 4 w= 12 nsites= 275 E= 1.2e-009
 0.912085 0.000140 0.000156 0.087619
 0.000170 0.000140 0.999493 0.000197
 0.004771 0.000140 0.064583 0.930507
 0.018572 0.000140 0.947998 0.033290
 0.856751 0.000140 0.142912 0.000197
 0.000170 0.000140 0.000156 0.999533
 0.000170 0.000140 0.000156 0.999533
 0.000170 0.000140 0.000156 0.999533
 0.000170 0.000140 0.000156 0.999533
 0.240437 0.000140 0.759226 0.000197
 0.000170 0.364656 0.000156 0.635017
 0.000170 0.355455 0.000156 0.644218

MOTIF 7-UCGGACCAG STREME-7
letter-probability matrix: alength= 4 w= 9 nsites= 326 E= 3.5e-008
 0.003812 0.007463 0.000125 0.988600
 0.125279 0.874439 0.000125 0.000157
 0.000136 0.000112 0.999595 0.000157
 0.000136 0.000112 0.995919 0.003833
 0.977548 0.000112 0.000125 0.022215
 0.000136 0.998056 0.000125 0.001683
 0.000478 0.988212 0.000125 0.011185
 0.999096 0.000454 0.000125 0.000325
 0.000136 0.175421 0.824285 0.000157

MOTIF 8-UGUUCACAGU STREME-8
letter-probability matrix: alength= 4 w= 10 nsites= 352 E= 7.5e-008
 0.000129 0.000106 0.000118 0.999646
 0.000129 0.230393 0.769328 0.000149
 0.000129 0.000106 0.000118 0.999646
 0.000129 0.000106 0.000118 0.999646
 0.000129 0.681184 0.000118 0.318568
 0.999626 0.000106 0.000118 0.000149
 0.000129 0.807416 0.192305 0.000149
 0.999626 0.000106 0.000118 0.000149
 0.000129 0.000106 0.999615 0.000149
 0.000129 0.283967 0.000118 0.715785

MOTIF 9-UAUUGCACUUGU STREME-9
letter-probability matrix: alength= 4 w= 12 nsites= 260 E= 1.5e-007
 0.023430 0.075268 0.000158 0.901145
 0.999501 0.000142 0.000158 0.000199
 0.000172 0.004792 0.000158 0.994877
 0.009474 0.000142 0.177159 0.813226
 0.004823 0.004792 0.985535 0.004850
 0.009474 0.990169 0.000158 0.000199
 0.892462 0.000142 0.009459 0.097937
 0.000172 0.999471 0.000158 0.000199
 0.000172 0.018747 0.014111 0.966970
 0.061551 0.191125 0.181809 0.565515
 0.000172 0.042915 0.956713 0.000199
 0.004823 0.093229 0.000158 0.901790

MOTIF 10-UAGAUCCGAAYUUG STREME-10
letter-probability matrix: alength= 4 w= 14 nsites= 258 E= 5.9e-007
 0.000160 0.000132 0.000147 0.999562
 0.999537 0.000132 0.000147 0.000185
 0.000160 0.000132 0.999524 0.000185
 0.995221 0.000132 0.004463 0.000185
 0.263951 0.000132 0.000147 0.735771
 0.000160 0.999509 0.000147 0.000185
 0.000160 0.999509 0.000147 0.000185
 0.000160 0.000132 0.999524 0.000185
 0.999537 0.000132 0.000147 0.000185
 0.813721 0.034670 0.000147 0.151463
 0.000160 0.515007 0.000147 0.484686
 0.000160 0.000132 0.000147 0.999562
 0.000160 0.000132 0.000147 0.999562
 0.000160 0.000132 0.999524 0.000185

MOTIF 11-GCUMAGUUCAG STREME-11
letter-probability matrix: alength= 4 w= 11 nsites= 220 E= 4.9e-006
 0.005460 0.000160 0.994155 0.000225
 0.000195 0.998387 0.001193 0.000225
 0.058130 0.000160 0.000179 0.941531
 0.521955 0.477641 0.000179 0.000225
 0.999436 0.000160 0.000179 0.000225
 0.000195 0.000160 0.999419 0.000225
 0.000195 0.000160 0.000179 0.999466
 0.095018 0.005425 0.000179 0.899379
 0.000195 0.994136 0.000179 0.005490
 0.546144 0.195199 0.000179 0.258479
 0.010725 0.000160 0.973095 0.016020

MOTIF 12-CUGUGCUG STREME-12
letter-probability matrix: alength= 4 w= 8 nsites= 2752 E= 6.2e-006
 0.002217 0.848176 0.089606 0.060001
 0.237969 0.026157 0.071170 0.664705
 0.063646 0.141345 0.713231 0.081779
 0.205041 0.045510 0.098057 0.651392
 0.027360 0.034110 0.868162 0.070368
 0.029484 0.880978 0.025176 0.064362
 0.209408 0.013067 0.072636 0.704889
 0.193358 0.074611 0.610574 0.121458

MOTIF 13-AGAACUGAU STREME-13
letter-probability matrix: alength= 4 w= 9 nsites= 220 E= 9.6e-006
 0.856289 0.000243 0.143127 0.000341
 0.000296 0.001780 0.989601 0.008322
 0.991163 0.000243 0.008252 0.000341
 0.971887 0.008224 0.000271 0.019618
 0.000296 0.999092 0.000271 0.000341
 0.017394 0.000243 0.008252 0.974111
 0.000296 0.000243 0.995807 0.003654
 0.915564 0.000243 0.001014 0.083179
 0.101675 0.008224 0.000271 0.889830

MOTIF 14-AAGAGAGUGA STREME-14
letter-probability matrix: alength= 4 w= 10 nsites= 212 E= 4.1e-005
 0.932443 0.019207 0.021398 0.026952
 0.932443 0.019207 0.021398 0.026952
 0.023352 0.019207 0.930489 0.026952
 0.932443 0.019207 0.021398 0.026952
 0.023352 0.019207 0.930489 0.026952
 0.932443 0.019207 0.021398 0.026952
 0.023352 0.019207 0.930489 0.026952
 0.023352 0.019207 0.021398 0.936043
 0.023352 0.019207 0.930489 0.026952
 0.932443 0.019207 0.021398 0.026952

MOTIF 15-CGGUGAAUGC STREME-15
letter-probability matrix: alength= 4 w= 10 nsites= 159 E= 4.1e-005
 0.000267 0.999180 0.000245 0.000308
 0.000267 0.000220 0.999205 0.000308
 0.072327 0.000220 0.927146 0.000308
 0.000267 0.000220 0.000245 0.999269
 0.000267 0.000220 0.999205 0.000308
 0.999228 0.000220 0.000245 0.000308
 0.999228 0.000220 0.000245 0.000308
 0.000267 0.000220 0.007448 0.992066
 0.000267 0.000220 0.999205 0.000308
 0.000267 0.999180 0.000245 0.000308

MOTIF 16-CUUGAUYUAA STREME-16
letter-probability matrix: alength= 4 w= 10 nsites= 172 E= 6.4e-005
 0.000277 0.999150 0.000254 0.000320
 0.000277 0.000228 0.000254 0.999241
 0.000277 0.000228 0.000254 0.999241
 0.007750 0.000228 0.991702 0.000320
 0.999199 0.000228 0.000254 0.000320
 0.000277 0.000228 0.000254 0.999241
 0.015224 0.471473 0.000254 0.513049
 0.000277 0.000228 0.000254 0.999241
 0.999199 0.000228 0.000254 0.000320
 0.999199 0.000228 0.000254 0.000320

MOTIF 17-UCAUAAAGC STREME-17
letter-probability matrix: alength= 4 w= 9 nsites= 290 E= 1.2e-004
 0.018005 0.021680 0.002002 0.958313
 0.004625 0.934138 0.000151 0.061086
 0.999522 0.000136 0.000151 0.000191
 0.000165 0.000136 0.000151 0.999547
 0.999522 0.000136 0.000151 0.000191
 0.912262 0.086537 0.001010 0.000191
 0.741612 0.004595 0.080476 0.173317
 0.000165 0.013099 0.986444 0.000292
 0.000165 0.999493 0.000151 0.000191

MOTIF 18-AGGGGAAU STREME-18
letter-probability matrix: alength= 4 w= 8 nsites= 184 E= 1.7e-004
 0.932443 0.019207 0.021398 0.026952
 0.023352 0.019207 0.930489 0.026952
 0.023352 0.019207 0.930489 0.026952
 0.023352 0.019207 0.930489 0.026952
 0.023352 0.019207 0.930489 0.026952
 0.932443 0.019207 0.021398 0.026952
 0.932443 0.019207 0.021398 0.026952
 0.023352 0.019207 0.021398 0.936043

MOTIF 19-ACAACAARUCMCA STREME-19
letter-probability matrix: alength= 4 w= 13 nsites= 124 E= 1.7e-004
 0.987992 0.000331 0.011214 0.000464
 0.000402 0.998766 0.000368 0.000464
 0.977145 0.000331 0.000368 0.022156
 0.987992 0.000331 0.011214 0.000464
 0.000402 0.890268 0.000368 0.108962
 0.987992 0.000331 0.011214 0.000464
 0.998837 0.000331 0.000368 0.000464
 0.608118 0.000331 0.391088 0.000464
 0.000402 0.022023 0.000368 0.977207
 0.000402 0.998766 0.000368 0.000464
 0.575736 0.369201 0.054599 0.000464
 0.000402 0.933686 0.011214 0.054698
 0.879493 0.000331 0.011214 0.108962

MOTIF 20-CCCUGAGACC STREME-20
letter-probability matrix: alength= 4 w= 10 nsites= 183 E= 4.7e-004
 0.000262 0.999195 0.000240 0.000303
 0.000262 0.992122 0.007313 0.000303
 0.000262 0.977974 0.021462 0.000303
 0.000262 0.141794 0.000240 0.857704
 0.000262 0.000216 0.985073 0.014450
 0.946771 0.052686 0.000240 0.000303
 0.000262 0.000216 0.999220 0.000303
 0.734455 0.000216 0.265027 0.000303
 0.000262 0.999195 0.000240 0.000303
 0.000262 0.999195 0.000240 0.000303

MOTIF 21-CAGCUGUR STREME-21
letter-probability matrix: alength= 4 w= 8 nsites= 422 E= 5.7e-004
 0.000237 0.995936 0.000217 0.003610
 0.932587 0.055128 0.012011 0.000273
 0.200180 0.000195 0.737991 0.061634
 0.000237 0.994598 0.000217 0.004948
 0.028016 0.000630 0.022461 0.948894
 0.003574 0.000195 0.932876 0.063355
 0.000296 0.002896 0.015660 0.981148
 0.353254 0.038566 0.564780 0.043399

MOTIF 22-GUUUUAGGGU STREME-22
letter-probability matrix: alength= 4 w= 10 nsites= 124 E= 9.1e-004
 0.004260 0.002102 0.991660 0.001977
 0.003172 0.000287 0.002135 0.994406
 0.009773 0.000287 0.002135 0.987804
 0.000349 0.000287 0.075735 0.923629
 0.004260 0.198359 0.147530 0.649850
 0.973750 0.009711 0.016135 0.000403
 0.000349 0.000287 0.998960 0.000403
 0.009773 0.028562 0.961262 0.000403
 0.018990 0.000287 0.970896 0.009827
 0.000349 0.198359 0.002135 0.799156

MOTIF 23-GUGCUCAC STREME-23
letter-probability matrix: alength= 4 w= 8 nsites= 376 E= 9.5e-004
 0.000196 0.000161 0.999416 0.000226
 0.263692 0.062926 0.000180 0.673202
 0.000196 0.000161 0.999416 0.000226
 0.000196 0.768412 0.080116 0.151275
 0.015579 0.008426 0.000180 0.975815
 0.000196 0.907637 0.000180 0.091988
 0.987586 0.000161 0.012027 0.000226
 0.000196 0.999398 0.000180 0.000226

MOTIF 24-UCCAGGAUAG STREME-24
letter-probability matrix: alength= 4 w= 10 nsites= 112 E= 2.7e-003
 0.000380 0.000313 0.000349 0.998958
 0.000380 0.855025 0.000349 0.144246
 0.000380 0.978298 0.000349 0.020973
 0.998899 0.000313 0.000349 0.000439
 0.000380 0.000313 0.998868 0.000439
 0.000380 0.000313 0.998868 0.000439
 0.988633 0.000313 0.000349 0.010705
 0.000380 0.000313 0.000349 0.998958
 0.988633 0.010579 0.000349 0.000439
 0.000380 0.010579 0.988601 0.000439

MOTIF 25-UUCAAGUAA STREME-25
letter-probability matrix: alength= 4 w= 9 nsites= 109 E= 2.7e-003
 0.023352 0.019207 0.021398 0.936043
 0.023352 0.019207 0.021398 0.936043
 0.023352 0.928298 0.021398 0.026952
 0.932443 0.019207 0.021398 0.026952
 0.932443 0.019207 0.021398 0.026952
 0.023352 0.019207 0.930489 0.026952
 0.023352 0.019207 0.021398 0.936043
 0.932443 0.019207 0.021398 0.026952
 0.932443 0.019207 0.021398 0.026952

MOTIF 26-UGAUUGUC STREME-26
letter-probability matrix: alength= 4 w= 8 nsites= 112 E= 2.7e-003
 0.023352 0.019207 0.021398 0.936043
 0.023352 0.019207 0.930489 0.026952
 0.932443 0.019207 0.021398 0.026952
 0.023352 0.019207 0.021398 0.936043
 0.023352 0.019207 0.021398 0.936043
 0.023352 0.019207 0.930489 0.026952
 0.023352 0.019207 0.021398 0.936043
 0.023352 0.928298 0.021398 0.026952

MOTIF 27-AACAUUCA STREME-27
letter-probability matrix: alength= 4 w= 8 nsites= 214 E= 3.8e-003
 0.932443 0.019207 0.021398 0.026952
 0.932443 0.019207 0.021398 0.026952
 0.023352 0.928298 0.021398 0.026952
 0.932443 0.019207 0.021398 0.026952
 0.023352 0.019207 0.021398 0.936043
 0.023352 0.019207 0.021398 0.936043
 0.023352 0.928298 0.021398 0.026952
 0.932443 0.019207 0.021398 0.026952

MOTIF 28-AKCAGCACGUAAAU STREME-28
letter-probability matrix: alength= 4 w= 14 nsites= 206 E= 5.5e-003
 0.937891 0.009621 0.023853 0.028635
 0.028608 0.009621 0.610590 0.351182
 0.038084 0.885718 0.075996 0.000203
 0.967847 0.004883 0.000161 0.027110
 0.066530 0.014360 0.909432 0.009679
 0.009653 0.961554 0.014376 0.014417
 0.967849 0.000144 0.004899 0.027107
 0.147224 0.648487 0.189871 0.014418
 0.170862 0.204070 0.511121 0.113947
 0.061776 0.009621 0.109190 0.819413
 0.929940 0.009621 0.042808 0.017631
 0.597920 0.216760 0.033331 0.151989
 0.824111 0.075961 0.004899 0.095029
 0.019129 0.147193 0.180300 0.653379

MOTIF 29-CAUUUGAAAUCRGU STREME-29
letter-probability matrix: alength= 4 w= 14 nsites= 142 E= 5.5e-003
 0.000286 0.999121 0.000262 0.000330
 0.999172 0.000236 0.000262 0.000330
 0.000286 0.000236 0.000262 0.999216
 0.000286 0.092999 0.007989 0.898726
 0.000286 0.000236 0.000262 0.999216
 0.000286 0.000236 0.999148 0.000330
 0.999172 0.000236 0.000262 0.000330
 0.991445 0.000236 0.000262 0.008057
 0.999172 0.000236 0.000262 0.000330
 0.000286 0.000236 0.000262 0.999216
 0.000286 0.991394 0.000262 0.008057
 0.480575 0.000236 0.518859 0.000330
 0.008013 0.000236 0.991421 0.000330
 0.000286 0.000236 0.000262 0.999216

MOTIF 30-UAGUUGCAUURC STREME-30
letter-probability matrix: alength= 4 w= 12 nsites= 129 E= 5.5e-003
 0.000342 0.000281 0.000313 0.999063
 0.851252 0.000281 0.009543 0.138923
 0.000342 0.000281 0.998982 0.000395
 0.000342 0.000281 0.000313 0.999063
 0.000342 0.000281 0.000313 0.999063
 0.000342 0.000281 0.998982 0.000395
 0.000342 0.998950 0.000313 0.000395
 0.999010 0.000281 0.000313 0.000395
 0.000342 0.259010 0.000313 0.740335
 0.000342 0.009511 0.000313 0.989833
 0.425289 0.000281 0.574035 0.000395
 0.000342 0.998950 0.000313 0.000395

MOTIF 31-CUAGCUUUCC STREME-31
letter-probability matrix: alength= 4 w= 10 nsites= 129 E= 5.5e-003
 0.000327 0.998997 0.000299 0.000377
 0.000327 0.000269 0.000299 0.999105
 0.999055 0.000269 0.000299 0.000377
 0.065733 0.000269 0.898348 0.035650
 0.026780 0.963726 0.000299 0.009194
 0.000327 0.000269 0.000299 0.999105
 0.000327 0.009086 0.000299 0.990288
 0.000327 0.000269 0.026753 0.972651
 0.009144 0.990180 0.000299 0.000377
 0.000327 0.941306 0.000299 0.058067

MOTIF 32-CAUACAAUKWAG STREME-32
letter-probability matrix: alength= 4 w= 12 nsites= 117 E= 5.5e-003
 0.055232 0.916625 0.009458 0.018686
 0.944130 0.000279 0.009458 0.046133
 0.000339 0.018573 0.000311 0.980778
 0.999019 0.000279 0.000311 0.000391
 0.000339 0.989812 0.009458 0.000391
 0.999019 0.000279 0.000311 0.000391
 0.999019 0.000279 0.000311 0.000391
 0.000339 0.009426 0.000311 0.989925
 0.000339 0.000279 0.348435 0.650947
 0.650895 0.000279 0.000311 0.348516
 0.999019 0.000279 0.000311 0.000391
 0.000339 0.000279 0.998991 0.000391

MOTIF 33-UGGAAGACU STREME-33
letter-probability matrix: alength= 4 w= 9 nsites= 162 E= 6.8e-003
 0.023352 0.019207 0.021398 0.936043
 0.023352 0.019207 0.930489 0.026952
 0.023352 0.019207 0.930489 0.026952
 0.932443 0.019207 0.021398 0.026952
 0.932443 0.019207 0.021398 0.026952
 0.023352 0.019207 0.930489 0.026952
 0.932443 0.019207 0.021398 0.026952
 0.023352 0.928298 0.021398 0.026952
 0.023352 0.019207 0.021398 0.936043

MOTIF 34-CCCYAAAAAK STREME-34
letter-probability matrix: alength= 4 w= 10 nsites= 149 E= 1.1e-002
 0.000337 0.998965 0.000309 0.000389
 0.000337 0.998965 0.000309 0.000389
 0.000337 0.998965 0.000309 0.000389
 0.000337 0.665919 0.000309 0.333434
 0.980825 0.009377 0.000309 0.009489
 0.999024 0.000277 0.000309 0.000389
 0.918656 0.044242 0.036713 0.000389
 0.989925 0.009377 0.000309 0.000389
 0.995248 0.000277 0.004086 0.000389
 0.000337 0.009377 0.536307 0.453979

MOTIF 35-CUGGAAGCUGUR STREME-35
letter-probability matrix: alength= 4 w= 12 nsites= 126 E= 1.1e-002
 0.000327 0.981330 0.017965 0.000378
 0.000327 0.000269 0.000300 0.999104
 0.000327 0.097435 0.663288 0.238950
 0.000327 0.000269 0.990193 0.009210
 0.999053 0.000269 0.000300 0.000378
 0.928374 0.000269 0.070979 0.000378
 0.000327 0.009102 0.990193 0.000378
 0.000327 0.901818 0.097477 0.000378
 0.000327 0.000269 0.000300 0.999104
 0.238897 0.053268 0.627958 0.079877
 0.017992 0.009102 0.106303 0.866604
 0.548484 0.026768 0.353703 0.071044

MOTIF 36-CCCGGCCY STREME-36
letter-probability matrix: alength= 4 w= 8 nsites= 604 E= 1.9e-002
 0.307256 0.656280 0.030824 0.005640
 0.173795 0.787664 0.038412 0.000129
 0.025213 0.921256 0.053402 0.000129
 0.014958 0.020959 0.962446 0.001638
 0.019381 0.000092 0.924475 0.056052
 0.048324 0.663287 0.029987 0.258402
 0.058595 0.933946 0.006921 0.000537
 0.005272 0.374693 0.028483 0.591551

MOTIF 37-AAGAAGUAUGUA STREME-37
letter-probability matrix: alength= 4 w= 12 nsites= 144 E= 2.2e-002
 0.999093 0.000258 0.000287 0.000362
 0.982170 0.000258 0.008749 0.008823
 0.000314 0.000258 0.999067 0.000362
 0.999093 0.000258 0.000287 0.000362
 0.999093 0.000258 0.000287 0.000362
 0.000314 0.000258 0.999067 0.000362
 0.093428 0.008719 0.000287 0.897566
 0.982169 0.000258 0.017211 0.000362
 0.000314 0.000258 0.000287 0.999141
 0.000314 0.000258 0.990605 0.008823
 0.000314 0.008719 0.245956 0.745011
 0.965243 0.000258 0.034137 0.000362

MOTIF 38-ACAUACUUCUUU STREME-38
letter-probability matrix: alength= 4 w= 12 nsites= 120 E= 2.2e-002
 0.946116 0.044386 0.000300 0.009199
 0.000327 0.822418 0.000300 0.176956
 0.796037 0.009091 0.035588 0.159284
 0.000327 0.017913 0.000300 0.981460
 0.998650 0.000269 0.000703 0.000377
 0.000327 0.990174 0.009121 0.000377
 0.000327 0.000269 0.000300 0.999105
 0.168056 0.000269 0.000300 0.831376
 0.017971 0.972531 0.000300 0.009199
 0.000327 0.017913 0.000300 0.981460
 0.000327 0.000269 0.000300 0.999105
 0.009149 0.000269 0.000300 0.990283

MOTIF 39-UCYAUGCAAAA STREME-39
letter-probability matrix: alength= 4 w= 11 nsites= 123 E= 2.2e-002
 0.000349 0.000287 0.000319 0.999045
 0.000349 0.998930 0.000319 0.000402
 0.000349 0.556380 0.150912 0.292359
 0.998992 0.000287 0.000319 0.000402
 0.000349 0.000287 0.000319 0.999045
 0.000349 0.000287 0.998962 0.000402
 0.000349 0.998930 0.000319 0.000402
 0.998992 0.000287 0.000319 0.000402
 0.998992 0.000287 0.000319 0.000402
 0.998992 0.000287 0.000319 0.000402
 0.998992 0.000287 0.000319 0.000402

MOTIF 40-CGUUGAGUGUAC STREME-40
letter-probability matrix: alength= 4 w= 12 nsites= 105 E= 2.2e-002
 0.000396 0.741889 0.193058 0.064657
 0.000396 0.131790 0.867356 0.000458
 0.193091 0.000326 0.011061 0.795522
 0.011094 0.000326 0.000363 0.988217
 0.011094 0.000326 0.988122 0.000458
 0.977458 0.021721 0.000363 0.000458
 0.021792 0.000326 0.709736 0.268146
 0.000396 0.021722 0.000363 0.977518
 0.000396 0.000326 0.998820 0.000458
 0.000396 0.011024 0.225092 0.763488
 0.838330 0.000326 0.150189 0.011155
 0.000396 0.845923 0.142525 0.011155

MOTIF 41-UCCUAUGC STREME-41
letter-probability matrix: alength= 4 w= 8 nsites= 110 E= 2.2e-002
 0.023352 0.019207 0.021398 0.936043
 0.023352 0.928298 0.021398 0.026952
 0.023352 0.928298 0.021398 0.026952
 0.023352 0.019207 0.021398 0.936043
 0.932443 0.019207 0.021398 0.026952
 0.023352 0.019207 0.021398 0.936043
 0.023352 0.019207 0.930489 0.026952
 0.023352 0.928298 0.021398 0.026952

MOTIF 42-CUKCCCUGG STREME-42
letter-probability matrix: alength= 4 w= 9 nsites= 150 E= 2.3e-002
 0.000389 0.998807 0.000356 0.000449
 0.000389 0.001296 0.002376 0.995939
 0.004741 0.000320 0.581144 0.413795
 0.000389 0.998807 0.000356 0.000449
 0.000389 0.998807 0.000356 0.000449
 0.000389 0.998807 0.000356 0.000449
 0.000389 0.042279 0.042315 0.915017
 0.108930 0.076888 0.813734 0.000449
 0.000389 0.000320 0.998843 0.000449

MOTIF 43-GGUAGAAC STREME-43
letter-probability matrix: alength= 4 w= 8 nsites= 86 E= 2.3e-002
 0.023352 0.019207 0.930489 0.026952
 0.023352 0.019207 0.930489 0.026952
 0.023352 0.019207 0.021398 0.936043
 0.932443 0.019207 0.021398 0.026952
 0.023352 0.019207 0.930489 0.026952
 0.932443 0.019207 0.021398 0.026952
 0.932443 0.019207 0.021398 0.026952
 0.023352 0.928298 0.021398 0.026952

MOTIF 44-UCAAGCASCAUKGWA STREME-44
letter-probability matrix: alength= 4 w= 15 nsites= 134 E= 4.4e-002
 0.000350 0.000288 0.000321 0.999041
 0.000350 0.998925 0.000321 0.000404
 0.998987 0.000288 0.000321 0.000404
 0.998987 0.000288 0.000321 0.000404
 0.000350 0.000288 0.998958 0.000404
 0.000350 0.998925 0.000321 0.000404
 0.998987 0.000288 0.000321 0.000404
 0.000350 0.368919 0.630327 0.000404
 0.000350 0.998925 0.000321 0.000404
 0.932860 0.000288 0.066449 0.000404
 0.000350 0.085305 0.028655 0.885690
 0.000350 0.000288 0.368951 0.630411
 0.000350 0.000288 0.998958 0.000404
 0.359536 0.000288 0.009765 0.630411
 0.980098 0.019178 0.000321 0.000404

MOTIF 45-AGUGUUCAGA STREME-45
letter-probability matrix: alength= 4 w= 10 nsites= 127 E= 4.4e-002
 0.953811 0.000285 0.045504 0.000400
 0.000347 0.000285 0.970908 0.028460
 0.000347 0.009638 0.000318 0.989698
 0.009699 0.075128 0.914773 0.000400
 0.000347 0.000285 0.000318 0.999051
 0.000347 0.000285 0.000318 0.999051
 0.009699 0.858575 0.000318 0.131408
 0.989645 0.000285 0.000318 0.009753
 0.000347 0.000285 0.998968 0.000400
 0.976410 0.000285 0.004199 0.019106

MOTIF 46-CUAYUGCCUUCC STREME-46
letter-probability matrix: alength= 4 w= 12 nsites= 86 E= 4.5e-002
 0.000492 0.998488 0.000451 0.000568
 0.000492 0.000405 0.000451 0.998651
 0.998575 0.000405 0.000451 0.000568
 0.000492 0.426215 0.000451 0.572841
 0.000492 0.000405 0.000451 0.998651
 0.053656 0.000405 0.945371 0.000568
 0.000492 0.998488 0.000451 0.000568
 0.000492 0.998488 0.000451 0.000568
 0.000492 0.000405 0.000451 0.998651
 0.000492 0.000405 0.000451 0.998651
 0.000492 0.998488 0.000451 0.000568
 0.000492 0.998488 0.000451 0.000568

MOTIF 47-CAAACGCAAUUCU STREME-47
letter-probability matrix: alength= 4 w= 13 nsites= 145 E= 5.9e-002
 0.000308 0.999055 0.000282 0.000355
 0.990809 0.000253 0.008583 0.000355
 0.990809 0.000253 0.000282 0.008656
 0.999110 0.000253 0.000282 0.000355
 0.000308 0.999055 0.000282 0.000355
 0.008609 0.000253 0.990783 0.000355
 0.000308 0.990754 0.008583 0.000355
 0.691507 0.307856 0.000282 0.000355
 0.990809 0.000253 0.008583 0.000355
 0.000308 0.000253 0.000282 0.999157
 0.000308 0.000253 0.000282 0.999157
 0.307910 0.683152 0.008583 0.000355
 0.000308 0.000253 0.000282 0.999157

MOTIF 48-UAAACAUCCUM STREME-48
letter-probability matrix: alength= 4 w= 11 nsites= 222 E= 9.1e-002
 0.000176 0.000145 0.000161 0.999518
 0.999491 0.000145 0.000161 0.000203
 0.999491 0.000145 0.000161 0.000203
 0.966264 0.009637 0.000161 0.023938
 0.000176 0.999460 0.000161 0.000203
 0.999491 0.000145 0.000161 0.000203
 0.000176 0.000145 0.000161 0.999518
 0.000176 0.999460 0.000161 0.000203
 0.000176 0.999460 0.000161 0.000203
 0.000176 0.176005 0.000161 0.823658
 0.490944 0.323310 0.000161 0.185585

MOTIF 49-ACUGAAGGGAGCU STREME-49
letter-probability matrix: alength= 4 w= 13 nsites= 141 E= 9.1e-002
 0.999164 0.000238 0.000265 0.000333
 0.000289 0.995878 0.000265 0.003568
 0.000289 0.000238 0.000265 0.999209
 0.015879 0.000238 0.983550 0.000333
 0.866562 0.000238 0.132867 0.000333
 0.999164 0.000238 0.000265 0.000333
 0.000289 0.000238 0.999140 0.000333
 0.000289 0.000238 0.999140 0.000333
 0.000289 0.132840 0.866538 0.000333
 0.999164 0.000238 0.000265 0.000333
 0.000289 0.000238 0.999140 0.000333
 0.008084 0.960137 0.000265 0.031515
 0.000289 0.000238 0.229652 0.769821

MOTIF 50-UWCUAGACUK STREME-50
letter-probability matrix: alength= 4 w= 10 nsites= 83 E= 9.1e-002
 0.231486 0.000414 0.000461 0.767639
 0.448941 0.000414 0.000461 0.550184
 0.000503 0.998455 0.000461 0.000581
 0.000503 0.000414 0.000461 0.998622
 0.998544 0.000414 0.000461 0.000581
 0.000503 0.000414 0.998502 0.000581
 0.998544 0.000414 0.000461 0.000581
 0.000503 0.998455 0.000461 0.000581
 0.000503 0.000414 0.014041 0.985042
 0.000503 0.000414 0.495276 0.503807

MOTIF 51-UGGCACUGGGA STREME-51
letter-probability matrix: alength= 4 w= 11 nsites= 130 E= 1.1e-001
 0.019091 0.012764 0.085765 0.882379
 0.012805 0.000192 0.879272 0.107731
 0.012805 0.006478 0.961302 0.019415
 0.019677 0.828908 0.019072 0.132343
 0.903817 0.013975 0.025361 0.056848
 0.015415 0.877223 0.088233 0.019129
 0.037951 0.020261 0.094515 0.847273
 0.195578 0.034233 0.635238 0.134951
 0.006519 0.006478 0.986734 0.000269
 0.127573 0.167782 0.687541 0.017104
 0.947825 0.019050 0.006500 0.026625

MOTIF 52-AGCUGGGA STREME-52
letter-probability matrix: alength= 4 w= 8 nsites= 554 E= 1.1e-001
 0.796317 0.006858 0.193461 0.003364
 0.010661 0.005050 0.950857 0.033432
 0.000205 0.983869 0.000168 0.015758
 0.002411 0.014395 0.023843 0.959351
 0.003373 0.003341 0.990933 0.002354
 0.000182 0.021906 0.918129 0.059783
 0.019168 0.000149 0.729100 0.251582
 0.818791 0.013827 0.028140 0.139242

MOTIF 53-AUUCCUAUGUGAUUG STREME-53
letter-probability matrix: alength= 4 w= 15 nsites= 70 E= 1.8e-001
 0.998248 0.000498 0.000555 0.000699
 0.000606 0.000498 0.000555 0.998341
 0.000606 0.000498 0.000555 0.998341
 0.000606 0.998140 0.000555 0.000699
 0.000606 0.998140 0.000555 0.000699
 0.000606 0.000498 0.000555 0.998341
 0.998248 0.000498 0.000555 0.000699
 0.000606 0.000498 0.000555 0.998341
 0.000606 0.000498 0.998197 0.000699
 0.000606 0.000498 0.000555 0.998341
 0.000606 0.000498 0.998197 0.000699
 0.998248 0.000498 0.000555 0.000699
 0.033298 0.000498 0.000555 0.965649
 0.278667 0.033189 0.049593 0.638551
 0.147754 0.196720 0.654827 0.000699

MOTIF 54-ACAGAACUUKG STREME-54
letter-probability matrix: alength= 4 w= 11 nsites= 81 E= 1.8e-001
 0.998266 0.000493 0.000549 0.000692
 0.000600 0.998159 0.000549 0.000692
 0.998266 0.000493 0.000549 0.000692
 0.000600 0.000493 0.998215 0.000692
 0.998266 0.000493 0.000549 0.000692
 0.998266 0.000493 0.000549 0.000692
 0.000600 0.998159 0.000549 0.000692
 0.016778 0.016671 0.000549 0.966002
 0.000600 0.000493 0.000549 0.998358
 0.000600 0.000493 0.405314 0.593593
 0.016778 0.000493 0.982037 0.000692

MOTIF 55-ACAUGGUUC STREME-55
letter-probability matrix: alength= 4 w= 9 nsites= 72 E= 1.8e-001
 0.932443 0.019207 0.021398 0.026952
 0.023352 0.928298 0.021398 0.026952
 0.932443 0.019207 0.021398 0.026952
 0.023352 0.019207 0.021398 0.936043
 0.023352 0.019207 0.930489 0.026952
 0.023352 0.019207 0.930489 0.026952
 0.023352 0.019207 0.021398 0.936043
 0.023352 0.019207 0.021398 0.936043
 0.023352 0.928298 0.021398 0.026952

MOTIF 56-UGCCAGGGAU STREME-56
letter-probability matrix: alength= 4 w= 10 nsites= 142 E= 2.9e-001
 0.000306 0.000251 0.008531 0.990912
 0.000306 0.121454 0.877888 0.000353
 0.000306 0.999061 0.000280 0.000353
 0.000306 0.982559 0.016783 0.000353
 0.999115 0.000251 0.000280 0.000353
 0.000306 0.000251 0.999090 0.000353
 0.000306 0.000251 0.999090 0.000353
 0.000306 0.000251 0.924807 0.074636
 0.999115 0.000251 0.000280 0.000353
 0.000306 0.008502 0.000280 0.990912

MOTIF 57-CUAACUUGU STREME-57
letter-probability matrix: alength= 4 w= 9 nsites= 88 E= 2.9e-001
 0.023352 0.928298 0.021398 0.026952
 0.023352 0.019207 0.021398 0.936043
 0.932443 0.019207 0.021398 0.026952
 0.932443 0.019207 0.021398 0.026952
 0.023352 0.928298 0.021398 0.026952
 0.023352 0.019207 0.021398 0.936043
 0.023352 0.019207 0.021398 0.936043
 0.023352 0.019207 0.930489 0.026952
 0.023352 0.019207 0.021398 0.936043

MOTIF 58-GUUUAGAAUUACACC STREME-58
letter-probability matrix: alength= 4 w= 15 nsites= 77 E= 3.7e-001
 0.000574 0.000472 0.998292 0.000662
 0.000574 0.000472 0.000526 0.998428
 0.000574 0.000472 0.000526 0.998428
 0.000574 0.015958 0.124424 0.859044
 0.967366 0.031445 0.000526 0.000662
 0.000574 0.000472 0.998292 0.000662
 0.982854 0.015958 0.000526 0.000662
 0.704051 0.000472 0.294815 0.000662
 0.000574 0.006899 0.000526 0.992001
 0.093494 0.046931 0.124424 0.735150
 0.967368 0.000472 0.031498 0.000662
 0.000574 0.936294 0.000526 0.062606
 0.998340 0.000472 0.000526 0.000662
 0.047036 0.641981 0.000526 0.310457
 0.000574 0.998238 0.000526 0.000662

MOTIF 59-AAUGAUGCGGGAGA STREME-59
letter-probability matrix: alength= 4 w= 14 nsites= 81 E= 3.7e-001
 0.919869 0.031856 0.000533 0.047742
 0.966940 0.000478 0.016222 0.016360
 0.000581 0.022678 0.000533 0.976207
 0.000581 0.000478 0.998269 0.000671
 0.951247 0.000478 0.047604 0.000671
 0.144024 0.016167 0.000533 0.839276
 0.016271 0.016167 0.966891 0.000671
 0.000581 0.998215 0.000533 0.000671
 0.126107 0.000478 0.872743 0.000671
 0.031961 0.000478 0.966890 0.000671
 0.000581 0.000478 0.935505 0.063435
 0.982629 0.000478 0.000533 0.016360
 0.000581 0.000478 0.951198 0.047742
 0.725063 0.038368 0.188827 0.047742

MOTIF 60-CDGUUAUC STREME-60
letter-probability matrix: alength= 4 w= 8 nsites= 181 E= 4.8e-001
 0.000363 0.816870 0.041405 0.141362
 0.243229 0.000299 0.325798 0.430674
 0.000363 0.000299 0.998920 0.000419
 0.000363 0.005592 0.221355 0.772690
 0.000363 0.000299 0.000333 0.999006
 0.998950 0.000299 0.000333 0.000419
 0.000363 0.004363 0.000333 0.994942
 0.070357 0.928891 0.000333 0.000419

MOTIF 61-AAACCAUCGAC STREME-61
letter-probability matrix: alength= 4 w= 11 nsites= 111 E= 5.5e-001
 0.998942 0.000301 0.000335 0.000422
 0.998942 0.000301 0.000335 0.000422
 0.998942 0.000301 0.000335 0.000422
 0.000366 0.989011 0.010201 0.000422
 0.000366 0.989011 0.000335 0.010288
 0.998942 0.000301 0.000335 0.000422
 0.000366 0.177949 0.000335 0.821350
 0.000366 0.910063 0.010201 0.079370
 0.000366 0.000301 0.998912 0.000422
 0.989076 0.000301 0.010201 0.000422
 0.000366 0.910070 0.049675 0.039890

MOTIF 62-KUCUAGCAC STREME-62
letter-probability matrix: alength= 4 w= 9 nsites= 180 E= 5.9e-001
 0.132321 0.000214 0.522551 0.344914
 0.000260 0.097951 0.014281 0.887508
 0.000260 0.999201 0.000238 0.000300
 0.124262 0.000214 0.000238 0.875285
 0.992226 0.007235 0.000238 0.000300
 0.007281 0.007235 0.985183 0.000300
 0.000260 0.957073 0.007260 0.035407
 0.999247 0.000214 0.000238 0.000300
 0.000260 0.999201 0.000238 0.000300

MOTIF 63-AUGGCUUUU STREME-63
letter-probability matrix: alength= 4 w= 9 nsites= 83 E= 6.0e-001
 0.932443 0.019207 0.021398 0.026952
 0.023352 0.019207 0.021398 0.936043
 0.023352 0.019207 0.930489 0.026952
 0.023352 0.019207 0.930489 0.026952
 0.023352 0.928298 0.021398 0.026952
 0.023352 0.019207 0.021398 0.936043
 0.023352 0.019207 0.021398 0.936043
 0.023352 0.019207 0.021398 0.936043
 0.023352 0.019207 0.021398 0.936043

MOTIF 64-GGCAGUGU STREME-64
letter-probability matrix: alength= 4 w= 8 nsites= 252 E= 7.3e-001
 0.000394 0.000565 0.998587 0.000454
 0.000394 0.000324 0.915948 0.083334
 0.000394 0.810080 0.000361 0.189165
 0.969371 0.029327 0.000847 0.000454
 0.000394 0.000324 0.998828 0.000454
 0.000394 0.000324 0.038438 0.960844
 0.034323 0.000324 0.964898 0.000454
 0.000394 0.000324 0.000361 0.998922

MOTIF 65-UCCUGGCAUGSUGAU STREME-65
letter-probability matrix: alength= 4 w= 15 nsites= 84 E= 7.3e-001
 0.000456 0.000375 0.000418 0.998750
 0.111347 0.850753 0.000418 0.037481
 0.000456 0.961646 0.012735 0.025162
 0.000456 0.012693 0.000418 0.986433
 0.049728 0.000375 0.949370 0.000527
 0.000456 0.000375 0.998641 0.000527
 0.000456 0.986281 0.000418 0.012844
 0.776906 0.111266 0.098984 0.012844
 0.012774 0.111251 0.246918 0.629057
 0.259274 0.086617 0.653583 0.000527
 0.037411 0.591952 0.370111 0.000527
 0.012774 0.000375 0.000418 0.986433
 0.111347 0.037330 0.850796 0.000527
 0.998679 0.000375 0.000418 0.000527
 0.000456 0.000375 0.111309 0.887859

MOTIF 66-GCUUAUCAG STREME-66
letter-probability matrix: alength= 4 w= 9 nsites= 71 E= 7.3e-001
 0.023352 0.019207 0.930489 0.026952
 0.023352 0.928298 0.021398 0.026952
 0.023352 0.019207 0.021398 0.936043
 0.023352 0.019207 0.021398 0.936043
 0.932443 0.019207 0.021398 0.026952
 0.023352 0.019207 0.021398 0.936043
 0.023352 0.928298 0.021398 0.026952
 0.932443 0.019207 0.021398 0.026952
 0.023352 0.019207 0.930489 0.026952

MOTIF 67-UUUGCAGGUUUGC STREME-67
letter-probability matrix: alength= 4 w= 13 nsites= 70 E= 7.3e-001
 0.000586 0.000482 0.000537 0.998394
 0.000586 0.000482 0.000537 0.998394
 0.000586 0.000482 0.000537 0.998394
 0.000586 0.000482 0.998255 0.000677
 0.000586 0.998200 0.000537 0.000677
 0.713411 0.000482 0.000537 0.285570
 0.000586 0.000482 0.998255 0.000677
 0.016405 0.032120 0.950798 0.000677
 0.079684 0.000482 0.000537 0.919297
 0.000586 0.000482 0.000537 0.998394
 0.000586 0.000482 0.047997 0.950935
 0.000586 0.000482 0.998255 0.000677
 0.000586 0.998200 0.000537 0.000677

MOTIF 68-CUAUGGAAUGUA STREME-68
letter-probability matrix: alength= 4 w= 12 nsites= 107 E= 1.0e+000
 0.230591 0.634892 0.120399 0.014118
 0.000371 0.000305 0.000340 0.998985
 0.998928 0.000305 0.000340 0.000428
 0.000371 0.000305 0.000340 0.998985
 0.000371 0.000305 0.988897 0.010428
 0.000371 0.000305 0.998897 0.000428
 0.948921 0.000305 0.040346 0.010428
 0.998928 0.000305 0.000340 0.000428
 0.040377 0.150398 0.000340 0.808886
 0.000371 0.000305 0.998897 0.000428
 0.000371 0.000305 0.000340 0.998985
 0.998928 0.000305 0.000340 0.000428

MOTIF 69-GAUGUUUGC STREME-69
letter-probability matrix: alength= 4 w= 9 nsites= 127 E= 1.0e+000
 0.000382 0.000315 0.998862 0.000441
 0.998894 0.000315 0.000350 0.000441
 0.000382 0.010635 0.000350 0.988632
 0.000382 0.000315 0.998862 0.000441
 0.000382 0.000315 0.000350 0.998953
 0.000382 0.000315 0.000350 0.998953
 0.000382 0.000315 0.000350 0.998953
 0.250763 0.000315 0.748481 0.000441
 0.000382 0.998826 0.000350 0.000441

MOTIF 70-GGAAUCCCUUA STREME-70
letter-probability matrix: alength= 4 w= 11 nsites= 75 E= 1.0e+000
 0.023352 0.019207 0.930489 0.026952
 0.023352 0.019207 0.930489 0.026952
 0.932443 0.019207 0.021398 0.026952
 0.932443 0.019207 0.021398 0.026952
 0.023352 0.019207 0.021398 0.936043
 0.023352 0.928298 0.021398 0.026952
 0.023352 0.928298 0.021398 0.026952
 0.023352 0.928298 0.021398 0.026952
 0.023352 0.019207 0.021398 0.936043
 0.023352 0.019207 0.021398 0.936043
 0.932443 0.019207 0.021398 0.026952

MOTIF 71-GACUCAUUCAU STREME-71
letter-probability matrix: alength= 4 w= 11 nsites= 83 E= 1.0e+000
 0.000576 0.000474 0.998286 0.000665
 0.998334 0.000474 0.000528 0.000665
 0.171575 0.827233 0.000528 0.000665
 0.000576 0.000474 0.000528 0.998423
 0.000576 0.998232 0.000528 0.000665
 0.982795 0.000474 0.016066 0.000665
 0.000576 0.000474 0.000528 0.998423
 0.000576 0.088732 0.000528 0.910164
 0.000576 0.967154 0.031605 0.000665
 0.998334 0.000474 0.000528 0.000665
 0.000576 0.249180 0.000528 0.749716

MOTIF 72-UUAUYACUUUU STREME-72
letter-probability matrix: alength= 4 w= 11 nsites= 81 E= 1.5e+000
 0.000474 0.000389 0.000434 0.998703
 0.000474 0.000389 0.000434 0.998703
 0.998630 0.000389 0.000434 0.000547
 0.000474 0.013167 0.000434 0.985925
 0.000474 0.525044 0.000434 0.474049
 0.998630 0.000389 0.000434 0.000547
 0.000474 0.998546 0.000434 0.000547
 0.000474 0.000389 0.000434 0.998703
 0.000474 0.000389 0.000434 0.998703
 0.013251 0.013167 0.000434 0.973147
 0.000474 0.000389 0.000434 0.998703

MOTIF 73-GUGAGUAAUAAUGC STREME-73
letter-probability matrix: alength= 4 w= 14 nsites= 80 E= 1.5e+000
 0.000486 0.000400 0.998552 0.000561
 0.000486 0.000400 0.000446 0.998668
 0.000486 0.000400 0.998552 0.000561
 0.985470 0.000400 0.013569 0.000561
 0.000486 0.000400 0.998552 0.000561
 0.013609 0.289155 0.000446 0.696790
 0.972347 0.013523 0.013569 0.000561
 0.827952 0.000400 0.013569 0.158079
 0.000486 0.000400 0.013569 0.985545
 0.814830 0.000400 0.184208 0.000561
 0.683624 0.000400 0.315415 0.000561
 0.079226 0.079140 0.000446 0.841189
 0.066105 0.157918 0.722923 0.053055
 0.289203 0.709790 0.000446 0.000561

MOTIF 74-AGGGACUUU STREME-74
letter-probability matrix: alength= 4 w= 9 nsites= 80 E= 1.5e+000
 0.932443 0.019207 0.021398 0.026952
 0.023352 0.019207 0.930489 0.026952
 0.023352 0.019207 0.930489 0.026952
 0.023352 0.019207 0.930489 0.026952
 0.932443 0.019207 0.021398 0.026952
 0.023352 0.928298 0.021398 0.026952
 0.023352 0.019207 0.021398 0.936043
 0.023352 0.019207 0.021398 0.936043
 0.023352 0.019207 0.021398 0.936043

MOTIF 75-AGCAACUCCUU STREME-75
letter-probability matrix: alength= 4 w= 11 nsites= 70 E= 1.5e+000
 0.932443 0.019207 0.021398 0.026952
 0.023352 0.019207 0.930489 0.026952
 0.023352 0.928298 0.021398 0.026952
 0.932443 0.019207 0.021398 0.026952
 0.932443 0.019207 0.021398 0.026952
 0.023352 0.928298 0.021398 0.026952
 0.023352 0.019207 0.021398 0.936043
 0.023352 0.928298 0.021398 0.026952
 0.023352 0.928298 0.021398 0.026952
 0.023352 0.019207 0.021398 0.936043
 0.023352 0.019207 0.021398 0.936043

MOTIF 76-YAAAGUGCUUA STREME-76
letter-probability matrix: alength= 4 w= 11 nsites= 99 E= 1.8e+000
 0.000440 0.570841 0.000403 0.428317
 0.951261 0.035963 0.000403 0.012374
 0.986862 0.000362 0.000403 0.012374
 0.998728 0.000362 0.000403 0.000508
 0.000440 0.000362 0.998691 0.000508
 0.000440 0.000362 0.000403 0.998796
 0.000440 0.000362 0.998691 0.000508
 0.000440 0.998650 0.000403 0.000508
 0.000440 0.000362 0.000403 0.998796
 0.000440 0.000362 0.000403 0.998796
 0.998728 0.000362 0.000403 0.000508

MOTIF 77-CUCUYUCUGUC STREME-77
letter-probability matrix: alength= 4 w= 11 nsites= 157 E= 1.9e+000
 0.012225 0.987129 0.000286 0.000360
 0.000312 0.247656 0.000286 0.751746
 0.000312 0.945030 0.054297 0.000360
 0.017151 0.000257 0.000286 0.982307
 0.000312 0.478227 0.000286 0.521175
 0.000312 0.075127 0.042384 0.882178
 0.000312 0.999042 0.000286 0.000360
 0.000312 0.002778 0.008705 0.988205
 0.000312 0.000257 0.940127 0.059305
 0.000312 0.231745 0.000286 0.767657
 0.000312 0.999042 0.000286 0.000360

MOTIF 78-GURGGGAU STREME-78
letter-probability matrix: alength= 4 w= 8 nsites= 86 E= 2.7e+000
 0.000654 0.000538 0.998052 0.000755
 0.000654 0.011269 0.000600 0.987477
 0.586549 0.018199 0.394497 0.000755
 0.000654 0.000538 0.998052 0.000755
 0.000654 0.000538 0.998052 0.000755
 0.000654 0.000538 0.998052 0.000755
 0.998107 0.000538 0.000600 0.000755
 0.000654 0.000538 0.000600 0.998208

MOTIF 79-GGCCCCYG STREME-79
letter-probability matrix: alength= 4 w= 8 nsites= 132 E= 2.7e+000
 0.000684 0.247219 0.751307 0.000789
 0.000684 0.000563 0.997964 0.000789
 0.000684 0.997900 0.000627 0.000789
 0.000684 0.845641 0.152885 0.000789
 0.000684 0.997900 0.000627 0.000789
 0.000684 0.997900 0.000627 0.000789
 0.000684 0.410660 0.011842 0.576813
 0.007524 0.000563 0.991124 0.000789

MOTIF 80-AUUUGGUCCCCUUCA STREME-80
letter-probability matrix: alength= 4 w= 15 nsites= 96 E= 3.0e+000
 0.998753 0.000355 0.000395 0.000498
 0.000431 0.000355 0.000395 0.998819
 0.000431 0.000355 0.000395 0.998819
 0.000431 0.000355 0.000395 0.998819
 0.000431 0.000355 0.998716 0.000498
 0.000431 0.000355 0.998716 0.000498
 0.000431 0.000355 0.000395 0.998819
 0.000431 0.998676 0.000395 0.000498
 0.000431 0.998676 0.000395 0.000498
 0.000431 0.998676 0.000395 0.000498
 0.000431 0.998676 0.000395 0.000498
 0.000431 0.000355 0.000395 0.998819
 0.000431 0.000355 0.000395 0.998819
 0.000431 0.998676 0.000395 0.000498
 0.998753 0.000355 0.000395 0.000498

MOTIF 81-GGUAGUUUCAUG STREME-81
letter-probability matrix: alength= 4 w= 12 nsites= 71 E= 3.0e+000
 0.000559 0.000460 0.907767 0.091214
 0.000559 0.000460 0.998335 0.000645
 0.000559 0.060834 0.000512 0.938095
 0.998382 0.000460 0.000512 0.000645
 0.000559 0.000460 0.998335 0.000645
 0.000559 0.030644 0.000512 0.968284
 0.000559 0.000460 0.000512 0.998468
 0.000559 0.000460 0.000512 0.998468
 0.000559 0.998283 0.000512 0.000645
 0.998382 0.000460 0.000512 0.000645
 0.000559 0.000460 0.000512 0.998468
 0.000559 0.196677 0.802118 0.000645

MOTIF 82-GCUUGCUGU STREME-82
letter-probability matrix: alength= 4 w= 9 nsites= 70 E= 3.0e+000
 0.023352 0.019207 0.930489 0.026952
 0.023352 0.928298 0.021398 0.026952
 0.023352 0.019207 0.021398 0.936043
 0.023352 0.019207 0.021398 0.936043
 0.023352 0.019207 0.930489 0.026952
 0.023352 0.928298 0.021398 0.026952
 0.023352 0.019207 0.021398 0.936043
 0.023352 0.019207 0.930489 0.026952
 0.023352 0.019207 0.021398 0.936043

MOTIF 83-GGAACCAAAUCAM STREME-83
letter-probability matrix: alength= 4 w= 13 nsites= 68 E= 3.0e+000
 0.000655 0.000539 0.998049 0.000757
 0.000655 0.000539 0.998049 0.000757
 0.998104 0.000539 0.000601 0.000757
 0.998104 0.000539 0.000601 0.000757
 0.000655 0.962612 0.000601 0.036131
 0.000655 0.997987 0.000601 0.000757
 0.998104 0.000539 0.000601 0.000757
 0.927345 0.000539 0.071359 0.000757
 0.998104 0.000539 0.000601 0.000757
 0.000655 0.000539 0.000601 0.998205
 0.000655 0.997987 0.000601 0.000757
 0.768098 0.000539 0.230606 0.000757
 0.449497 0.531458 0.000601 0.018444

MOTIF 84-AAAAUCACAU STREME-84
letter-probability matrix: alength= 4 w= 10 nsites= 62 E= 3.0e+000
 0.932443 0.019207 0.021398 0.026952
 0.932443 0.019207 0.021398 0.026952
 0.932443 0.019207 0.021398 0.026952
 0.932443 0.019207 0.021398 0.026952
 0.023352 0.019207 0.021398 0.936043
 0.023352 0.928298 0.021398 0.026952
 0.932443 0.019207 0.021398 0.026952
 0.023352 0.928298 0.021398 0.026952
 0.932443 0.019207 0.021398 0.026952
 0.023352 0.019207 0.021398 0.936043

MOTIF 85-CACUAACUHCACUGC STREME-85
letter-probability matrix: alength= 4 w= 15 nsites= 68 E= 3.0e+000
 0.017528 0.981175 0.000574 0.000723
 0.981286 0.000515 0.017476 0.000723
 0.000626 0.964274 0.034377 0.000723
 0.000626 0.000515 0.000574 0.998285
 0.998188 0.000515 0.000574 0.000723
 0.761513 0.000515 0.051280 0.186692
 0.017528 0.981175 0.000574 0.000723
 0.017528 0.287962 0.068180 0.626330
 0.423286 0.304938 0.000574 0.271203
 0.017528 0.964274 0.000574 0.017625
 0.981286 0.000515 0.000574 0.017625
 0.000626 0.981175 0.000574 0.017625
 0.068241 0.000515 0.254209 0.677035
 0.000626 0.000515 0.998136 0.000723
 0.000626 0.964272 0.000574 0.034528

MOTIF 86-CUCGUACC STREME-86
letter-probability matrix: alength= 4 w= 8 nsites= 55 E= 3.0e+000
 0.023352 0.928298 0.021398 0.026952
 0.023352 0.019207 0.021398 0.936043
 0.023352 0.928298 0.021398 0.026952
 0.023352 0.019207 0.930489 0.026952
 0.023352 0.019207 0.021398 0.936043
 0.932443 0.019207 0.021398 0.026952
 0.023352 0.928298 0.021398 0.026952
 0.023352 0.928298 0.021398 0.026952

MOTIF 87-GCAGUGAAGGCACUU STREME-87
letter-probability matrix: alength= 4 w= 15 nsites= 47 E= 3.0e+000
 0.023352 0.019207 0.930489 0.026952
 0.023352 0.928298 0.021398 0.026952
 0.932443 0.019207 0.021398 0.026952
 0.023352 0.019207 0.930489 0.026952
 0.023352 0.019207 0.021398 0.936043
 0.023352 0.019207 0.930489 0.026952
 0.932443 0.019207 0.021398 0.026952
 0.932443 0.019207 0.021398 0.026952
 0.023352 0.019207 0.930489 0.026952
 0.023352 0.019207 0.930489 0.026952
 0.023352 0.928298 0.021398 0.026952
 0.932443 0.019207 0.021398 0.026952
 0.023352 0.928298 0.021398 0.026952
 0.023352 0.019207 0.021398 0.936043
 0.023352 0.019207 0.021398 0.936043

MOTIF 88-GGUACGCG STREME-88
letter-probability matrix: alength= 4 w= 8 nsites= 46 E= 3.0e+000
 0.023352 0.019207 0.930489 0.026952
 0.023352 0.019207 0.930489 0.026952
 0.023352 0.019207 0.021398 0.936043
 0.932443 0.019207 0.021398 0.026952
 0.023352 0.928298 0.021398 0.026952
 0.023352 0.019207 0.930489 0.026952
 0.023352 0.928298 0.021398 0.026952
 0.023352 0.019207 0.930489 0.026952

MOTIF 89-CCACCUCC STREME-89
letter-probability matrix: alength= 4 w= 8 nsites= 72 E= 3.0e+000
 0.023352 0.928298 0.021398 0.026952
 0.023352 0.928298 0.021398 0.026952
 0.932443 0.019207 0.021398 0.026952
 0.023352 0.928298 0.021398 0.026952
 0.023352 0.928298 0.021398 0.026952
 0.023352 0.019207 0.021398 0.936043
 0.023352 0.928298 0.021398 0.026952
 0.023352 0.928298 0.021398 0.026952

MOTIF 90-GGGGGCCG STREME-90
letter-probability matrix: alength= 4 w= 8 nsites= 99 E= 3.1e+000
 0.023352 0.019207 0.930489 0.026952
 0.023352 0.019207 0.930489 0.026952
 0.023352 0.019207 0.930489 0.026952
 0.023352 0.019207 0.930489 0.026952
 0.023352 0.019207 0.930489 0.026952
 0.023352 0.928298 0.021398 0.026952
 0.023352 0.928298 0.021398 0.026952
 0.023352 0.019207 0.930489 0.026952

MOTIF 91-UUCCCUUUGUM STREME-91
letter-probability matrix: alength= 4 w= 11 nsites= 94 E= 3.3e+000
 0.000597 0.000491 0.000547 0.998365
 0.080092 0.000491 0.222200 0.697217
 0.000597 0.998167 0.000547 0.000689
 0.000597 0.998167 0.000547 0.000689
 0.000597 0.982061 0.016653 0.000689
 0.016703 0.000491 0.000547 0.982259
 0.000597 0.000491 0.000547 0.998365
 0.000597 0.000491 0.000547 0.998365
 0.000597 0.000491 0.998223 0.000689
 0.000597 0.000491 0.000547 0.998365
 0.350063 0.648701 0.000547 0.000689

MOTIF 92-AGGWACAG STREME-92
letter-probability matrix: alength= 4 w= 8 nsites= 139 E= 3.6e+000
 0.998729 0.000361 0.000403 0.000507
 0.000439 0.000361 0.998692 0.000507
 0.000439 0.000361 0.998692 0.000507
 0.586020 0.000361 0.000403 0.413216
 0.998729 0.000361 0.000403 0.000507
 0.000439 0.998651 0.000403 0.000507
 0.903810 0.095247 0.000436 0.000507
 0.000439 0.000361 0.998692 0.000507

MOTIF 93-UCUCACAGUG STREME-93
letter-probability matrix: alength= 4 w= 10 nsites= 90 E= 5.9e+000
 0.000432 0.000355 0.000396 0.998818
 0.000432 0.998674 0.000396 0.000498
 0.000432 0.000355 0.000396 0.998818
 0.000432 0.891536 0.000396 0.107637
 0.983614 0.012004 0.003884 0.000498
 0.000432 0.998674 0.000396 0.000498
 0.998751 0.000355 0.000396 0.000498
 0.012081 0.000355 0.987066 0.000498
 0.146005 0.000355 0.035345 0.818295
 0.000432 0.000355 0.998715 0.000498

MOTIF 94-CGAUAAACCYC STREME-94
letter-probability matrix: alength= 4 w= 11 nsites= 90 E= 1.0e+001
 0.000438 0.998656 0.000401 0.000505
 0.000438 0.106714 0.892343 0.000505
 0.674706 0.000360 0.277168 0.047766
 0.000438 0.000360 0.000401 0.998801
 0.785978 0.000360 0.213156 0.000505
 0.998733 0.000360 0.000401 0.000505
 0.998733 0.000360 0.000401 0.000505
 0.000438 0.998656 0.000401 0.000505
 0.000438 0.998656 0.000401 0.000505
 0.000438 0.414021 0.111673 0.473868
 0.000438 0.904118 0.094939 0.000505

MOTIF 95-UGCCAGCAUGAUCUG STREME-95
letter-probability matrix: alength= 4 w= 15 nsites= 65 E= 1.2e+001
 0.023352 0.019207 0.021398 0.936043
 0.023352 0.019207 0.930489 0.026952
 0.023352 0.928298 0.021398 0.026952
 0.023352 0.928298 0.021398 0.026952
 0.932443 0.019207 0.021398 0.026952
 0.023352 0.019207 0.930489 0.026952
 0.023352 0.928298 0.021398 0.026952
 0.932443 0.019207 0.021398 0.026952
 0.023352 0.019207 0.021398 0.936043
 0.023352 0.019207 0.930489 0.026952
 0.932443 0.019207 0.021398 0.026952
 0.023352 0.019207 0.021398 0.936043
 0.023352 0.928298 0.021398 0.026952
 0.023352 0.019207 0.021398 0.936043
 0.023352 0.019207 0.930489 0.026952

********************************************************************************
Stopped because 3 consecutive motifs exceeded the p-value threshold (0.05).
********************************************************************************
COMMAND:	streme --p /data/wanglinshu/tjh/dataset/set/N/hairpin-short/positive.fasta --n /data/wanglinshu/tjh/dataset/set/N/hairpin-short/negative.fasta --rna --align center --o /data/wanglinshu/tjh/dataset/set/N/hairpin-short/streme --maxw 15 --minw 8 --thresh 0.05
********************************************************************************
CPU:		localhost.localdomain
********************************************************************************
FINALTIME:	342.84 seconds
********************************************************************************
